0.112952 -0.000876991 -0.123874 -0.170489 0.0586731 0.015864 0.0158135 -0.0428596 -5.04755e-005
-0.168748 -0.0185116 -0.0515015 -0.169316 -0.0531359 0.00667644 0.0167785 0.0699144 0.0101021
-0.0343234 -0.0210628 -0.130591 0.00309014 0.0289951 0.00282146 0.0166317 -0.0123634 0.0138102
-0.127456 -0.0778718 0.074829 -0.114523 -0.0139087 -0.0116845 0.0149328 0.0288415 0.0266173
0.0504807 -0.0160793 -0.153655 0.0390696 0.0370357 -0.0018568 0.0105682 -0.0264675 0.012425
-0.0774205 -0.0923788 0.136602 -0.0503243 -0.00614107 -0.0182322 0.00567323 0.0118143 0.0239054
-0.0792873 -0.0173426 0.0262907 0.0816512 -0.00361407 -0.00230849 0.00820024 0.0118143 0.0105087
-0.077105 -0.00243142 -0.129202 0.0314237 -0.00245497 0.000498766 0.00935934 0.0118143 0.00886057
-0.126435 -0.0490954 -0.00481772 -0.00347005 -0.00587107 -0.00142069 0.0127575 0.0186286 0.0141782
-0.0618926 -0.0378146 -0.104959 0.00748627 0.00276641 -0.00125543 0.0115914 0.00882497 0.0128468
-0.0794655 -0.058498 0.0747347 -0.0451974 0.00348627 -0.000175298 0.0148422 0.0113559 0.0150175
-0.0157087 -0.0228606 0.197154 0.0202341 0.014318 0.00694368 0.0185148 0.00419675 0.0115711
0.0722705 0.0413157 -0.0262698 0.0918321 0.0228052 0.012292 0.0188247 -0.00398053 0.00653271
0.0659958 0.04096 -0.166496 0.0766268 0.0190425 0.0100742 0.0182893 -0.000753176 0.00821513
0.0150049 0.000625038 -0.0594035 -0.0236327 0.0146568 0.0084073 0.0205334 0.00587658 0.0121261
0.00804599 -0.00518539 -0.0124638 -0.0311489 0.0109457 0.00549651 0.0186992 0.0077535 0.0132027
0.010774 -0.00337659 -0.0646014 -0.0285356 0.0141847 0.00949276 0.0224016 0.00821694 0.0129088
0.00326163 -0.00983264 -0.127752 -0.02344 0.0168466 0.0128352 0.0266054 0.00975878 0.0137702
-0.0111677 -0.0236851 -0.110956 -0.0435673 0.0110079 0.00711128 0.023215 0.0122071 0.0161037
-0.00300214 -0.0400085 0.011541 -0.0491596 0.00930244 0.00418007 0.0215095 0.0122071 0.0173294
0.0115328 -0.0268638 -0.00345466 -0.0549008 0.00993905 0.0051925 0.0218722 0.0119331 0.0166797
0.0207837 -0.0183986 0.0761999 -0.0552618 0.0136608 0.00945329 0.0258466 0.0121858 0.0163933
0.0534955 0.0116812 -0.167061 0.0412282 0.0226899 0.0181047 0.0340254 0.0113355 0.0159207
0.0354033 -0.00454012 -0.119408 -0.0444119 0.0133007 0.00905165 0.0277581 0.0144574 0.0187064
0.0234628 -0.0156591 -0.005036 -0.0388674 0.00671226 0.00363998 0.0232147 0.0165024 0.0195747
0.0227335 -0.017664 0.138302 -0.0377193 0.00146058 -0.00286751 0.0183178 0.0168572 0.0211853
0.0206642 -0.00533897 -0.0354004 0.00898713 0.00169269 -0.00153144 0.0185499 0.0168572 0.0200813
0.021861 -0.0160485 -0.0478732 0.00205716 0.00275276 -0.00123125 0.01961 0.0168572 0.0208412
0.0257954 -0.0225511 -0.101099 -0.0616981 0.00311453 -0.00138055 0.0199717 0.0168572 0.0213523
-0.00945932 -0.283928 0.1265 0.370359 -0.00319737 -0.0149074 0.0156099 0.0188072 0.0305173
0.0196415 -0.257934 0.0853056 -0.101628 -0.000839086 -0.0142715 0.0161185 0.0169576 0.03039
0.0331002 -0.244394 -0.0264925 -0.116241 -0.00457221 -0.0187632 0.0115738 0.0161461 0.030337
0.0211659 -0.245208 -0.054422 -0.140495 -0.00554308 -0.0190136 0.0112859 0.016829 0.0302995
0.00278801 -0.25302 0.172982 -0.138832 -0.00457674 -0.017084 0.0130687 0.0176454 0.0301527
-0.00202435 -0.251961 0.223126 -0.16365 -0.00972364 -0.0218027 0.00792179 0.0176454 0.0297245
0.0326691 -0.2555 -0.0412215 -0.188402 -0.00288173 -0.0167287 0.0121942 0.0150759 0.0289228
0.0223148 -0.272927 0.124581 -0.218629 -0.00313815 -0.0165675 0.0119377 0.0150759 0.0285053
0.0407628 -0.274777 -0.0284414 -0.14878 -0.00264623 -0.016272 0.0112171 0.0138634 0.0274892
0.0292089 -0.277539 0.183031 -0.142531 -0.00479794 -0.0170024 0.00983127 0.0146292 0.0268337
0.0551826 -0.271872 -0.00804746 -0.134331 -0.000730376 -0.0126654 0.0122845 0.0130149 0.02495
0.0401337 -0.275094 -0.13605 -0.134718 -0.00553991 -0.0157468 0.0081124 0.0136523 0.0238592
0.0364892 -0.28132 0.0280077 -0.140669 -0.00395128 -0.0133096 0.00970103 0.0136523 0.0230106
0.0313245 -0.273217 -0.0397994 -0.136413 -0.00412481 -0.0114725 0.00961983 0.0137446 0.0210923
0.0135903 -0.268456 -0.185055 -0.135691 -0.00918781 -0.013753 0.0052964 0.0144842 0.0190494
0.00226623 -0.275656 -0.190841 -0.134201 -0.0100693 -0.0135015 0.00441486 0.0144842 0.0179164
-0.0428063 -0.317043 -0.0945611 -0.293235 -0.0138608 -0.00431377 0.0027769 0.0166377 0.00709067
-0.0636639 -0.319184 0.22819 -0.29701 -0.0127736 -0.00263909 0.00441284 0.0171865 0.00705193
-0.0249963 -0.319196 -0.132665 -0.292387 -0.00206572 0.00514458 0.0121435 0.0142092 0.00699891
-0.0460396 -0.315179 0.0698783 -0.278715 -0.00312436 0.005004 0.0121515 0.0152759 0.0071475
-0.0307348 -0.309059 -0.0469913 -0.260811 -0.00152171 0.00573953 0.0126304 0.0141521 0.0068909
-0.0319772 -0.301702 -0.0810051 -0.244735 -0.000661644 0.00710956 0.0134905 0.0141521 0.00638093
-0.0355113 -0.29596 0.0166681 -0.22865 -0.004264 0.00390533 0.00988814 0.0141521 0.00598281
-0.0325217 -0.291014 0.0064891 -0.189921 -0.00397609 0.00429639 0.00956093 0.013537 0.00526454
-0.025789 -0.278069 -0.119335 -0.166984 -0.00465566 0.00396775 0.0084484 0.0131041 0.00448065
-0.0470819 -0.270661 -0.126371 -0.143226 -0.00396067 0.00615302 0.0101336 0.0140942 0.00398056
-0.0611976 -0.256764 -0.0263322 -0.117977 -0.00664002 0.00469324 0.00826322 0.0149032 0.00356998
-0.0676478 -0.242574 0.0318989 -0.09277 -0.00342571 0.00892122 0.0114775 0.0149032 0.00255631
-0.0734956 -0.222712 -0.154925 -0.059933 -0.000415227 0.0134035 0.014488 0.0149032 0.00108446
-0.0924146 -0.207467 -0.187428 -0.0238492 0.00154697 0.0167238 0.0174396 0.0158926 0.000715823
-0.105023 -0.18572 -0.0165225 0.0259462 0.000571126 0.0169191 0.0175402 0.0169691 0.000621085
-0.0907599 -0.157563 -0.0114087 0.07151 0.0047402 0.0213108 0.02076 0.0160198 -0.000550777
-0.0758747 -0.127052 -0.117637 0.122655 0.00303106 0.0199281 0.0182349 0.0152038 -0.00169315
-0.0637285 -0.0973851 0.0178066 0.0469371 0.00395645 0.0206447 0.0191603 0.0152038 -0.0014844
-0.0480614 -0.0686843 0.119552 0.0742091 0.00872908 0.0254457 0.0230308 0.0143018 -0.00241483
-0.00489867 -0.0176954 -0.0772188 0.138974 0.0109701 0.0270096 0.0235048 0.0125347 -0.00350486
-0.00215399 0.00576495 0.191132 0.0570793 0.011318 0.0275699 0.0245873 0.0132693 -0.00298256
0.040613 0.0546552 -0.0918566 0.197495 0.012342 0.0280781 0.0237025 0.0113605 -0.00437559
0.0278797 0.060526 0.122038 0.0883137 0.0129079 0.028811 0.0255495 0.0126416 -0.00326155
0.0587196 0.100406 0.0540164 0.107942 0.0140043 0.0292623 0.025749 0.0117447 -0.00351331
0.0716964 0.123452 0.0473642 0.118766 0.0177021 0.0323046 0.0294911 0.011789 -0.00281357
0.0855452 0.145458 0.0597769 0.139693 0.01794 0.0321118 0.0299567 0.0120168 -0.00215508
0.107406 0.1741 0.161774 0.167714 0.0186459 0.0321588 0.0309029 0.012257 -0.00125598
0.134073 0.205028 -0.155867 0.179169 0.0163984 0.0293777 0.0281497 0.0117513 -0.00122796
0.103906 0.179149 -0.0863433 0.175839 0.0113002 0.0237968 0.0257462 0.014446 0.00194944
0.118665 0.167715 -0.161005 0.18675 0.0114391 0.0215255 0.0258852 0.014446 0.00435966
0.0828885 0.140268 -0.0385107 -0.00832905 0.0092085 0.0189225 0.0265706 0.0173621 0.0076481
0.0906032 0.13225 -0.111224 -0.000959525 0.0084963 0.0161808 0.0258584 0.0173621 0.00967765
0.0654119 0.117609 -0.0432308 0.000789628 0.0115813 0.0192707 0.0312257 0.0196444 0.011955
0.0758989 0.113777 0.150057 0.0111849 0.0137542 0.0205612 0.0333986 0.0196444 0.0128374
0.106633 0.139978 -0.0809124 0.028011 0.0151143 0.020869 0.0338736 0.0187593 0.0130046
0.121723 0.13256 -0.0964051 0.0428299 0.0201245 0.0238923 0.0388838 0.0187593 0.0149915
0.0967426 0.128637 -0.0717257 0.0683945 0.0189534 0.0235496 0.040404 0.0214506 0.0168543
0.0811164 0.126198 -0.156832 0.0877228 0.0140554 0.019256 0.0374382 0.0233828 0.0181823
0.0545369 0.118559 -0.0211723 0.106124 0.00984817 0.0150137 0.0358071 0.025959 0.0207934
0.0586466 0.0910711 -0.0792502 0.204014 0.00809317 0.0124736 0.0348357 0.0267426 0.0223622
0.0643989 0.0890022 0.0334318 -0.0761496 0.00775526 0.0114561 0.0344978 0.0267426 0.0230417
0.063148 0.0931398 -0.0248618 0.0118602 0.0142756 0.0181976 0.0413617 0.0270861 0.0231641
0.0581224 0.100613 0.0943742 -0.00132927 0.011596 0.015978 0.0396106 0.0280146 0.0236326
0.0793043 0.125483 0.156878 0.0735681 0.0132337 0.0174834 0.0412483 0.0280146 0.0237649
0.105991 0.142751 0.0220855 0.11965 0.0123176 0.015629 0.0394596 0.027142 0.0238306
0.11479 0.148501 -0.129401 0.108663 0.00657431 0.00933102 0.0337163 0.027142 0.0243853
0.120981 0.143475 -0.04944 0.0135919 0.00816079 0.00988445 0.0353028 0.027142 0.0254183
0.0950774 0.146229 -0.00285006 -0.048502 0.00654364 0.00962451 0.0358774 0.0293337 0.0262529
0.084636 0.150006 -0.0651543 -0.0534784 0.00673077 0.00997704 0.0372164 0.0304856 0.0272394
0.0579731 0.14009 -0.0890235 -0.0694342 0.00709187 0.0109718 0.0392222 0.0321303 0.0282503
0.0416105 0.136104 -0.02 -0.0722256 0.00240267 0.00637345 0.0360642 0.0336615 0.0296907
0.0362848 0.131777 0.0930368 -0.0760012 -0.00379303 -0.000225605 0.0304853 0.0342784 0.0307109
0.0393183 0.125424 -0.0155895 -0.0134928 3.95998e-005 0.00281802 0.0337661 0.0337265 0.0309481
0.0416915 0.116153 0.0517542 -0.022601 0.00707993 0.00852333 0.0408064 0.0337265 0.0322831
0.0542524 0.122949 0.0638683 0.0476505 0.00750137 0.00820261 0.0412279 0.0337265 0.0330253
0.0657194 0.125937 0.0396895 0.0617185 0.00400875 0.00397801 0.0376223 0.0336135 0.0336443
0.065378 0.119565 0.0276496 0.0557837 0.00170291 0.00134812 0.0356035 0.0339006 0.0342554
0.0614755 0.11057 -0.111484 0.0554105 0.00293347 0.00215698 0.0372303 0.0342969 0.0350734
0.0394797 0.0895041 0.0181978 -0.00277874 0.00130664 0.000265931 0.0373537 0.0360471 0.0370878
0.0371425 0.0801424 -0.147027 -0.00316335 0.00333213 0.00188097 0.0395887 0.0362565 0.0377077
0.0175271 0.0590096 -0.0133722 -0.0761798 0.00369634 0.00192213 0.0417286 0.0380322 0.0398064
0.0172932 0.052664 -0.0190458 -0.0900374 0.0019719 -0.00034561 0.0402977 0.0383258 0.0406433
0.0178246 0.0477058 0.0210886 -0.109371 0.00266112 -5.01039e-005 0.0413289 0.0386677 0.041379
0.023495 0.0475437 -0.035629 0.0582842 -0.000333086 -0.00295056 0.0383041 0.0386372 0.0412547
0.0143635 0.0339802 -0.0804853 -0.013993 -0.00242639 -0.00498918 0.0367616 0.039188 0.0417507
-0.00511527 0.0110858 0.0928817 -0.109884 -0.00428319 -0.00691746 0.0357868 0.04007 0.0427042
0.00913739 0.0223415 0.0726728 -0.0343754 -0.00224871 -0.00427261 0.0369103 0.039159 0.0411829
0.0124671 0.023753 0.0194438 0.0919285 -9.01446e-005 -0.00209568 0.0384778 0.038568 0.0405735
0.0151701 0.0251385 0.0379493 0.114663 -0.00533897 -0.00705866 0.033164 0.038503 0.0402227
0.0125246 0.0225782 0.119747 0.129482 0.00202914 0.000451981 0.0403197 0.0382905 0.0398677
0.0331006 0.0423935 0.0583138 0.142424 0.0083464 0.0064916 0.0456353 0.0372889 0.0391437
0.0493314 0.0586243 0.205946 0.0961646 0.00734407 0.00559177 0.0443971 0.037053 0.0388053
0.0758469 0.0847035 -0.0865784 0.165517 0.0111288 0.00920958 0.0467146 0.0355858 0.037505
0.0605273 0.0716446 0.140262 0.123912 0.0113598 0.00929557 0.0484691 0.0371092 0.0391735
0.0744843 0.0984337 0.0835514 0.158294 0.00879506 0.00735791 0.0459043 0.0371092 0.0385464
0.0821645 0.105753 0.0352082 0.181203 0.0148985 0.0135772 0.0519124 0.0370139 0.0383352
0.0915821 0.11568 0.0198312 0.121855 0.0162731 0.0149368 0.0537688 0.0374957 0.038832
0.0960491 0.119438 0.126179 0.128186 0.0173836 0.0153889 0.0556005 0.0382169 0.0402116
0.12221 0.144539 -0.119834 0.147556 0.0166273 0.0151638 0.0545465 0.0379192 0.0393828
0.100928 0.11485 -0.0628107 0.0278785 0.0102691 0.00798925 0.0505467 0.0402776 0.0425575
0.110291 0.0906903 0.0497873 0.0256697 0.00468193 0.000181865 0.0449595 0.0402776 0.0447777
0.11298 0.08196 0.0848379 0.00998247 -0.000101764 -0.00461016 0.0401758 0.0402776 0.044786
0.100626 0.0730784 0.00588942 -0.0132041 0.00282158 -0.0016221 0.0434331 0.0406115 0.0450552
0.084065 0.0270082 0.0747759 0.132882 0.0055013 0.000224466 0.0471731 0.0416718 0.0469487
0.092016 0.0348841 -0.0575621 0.104487 0.00938343 0.00458861 0.0510553 0.0416718 0.0464667
0.0654314 0.0176427 -0.079035 -0.00185897 0.0113056 0.00761107 0.0547388 0.0434332 0.0471277
0.0744827 0.00857271 0.0146568 -0.0584678 0.0098356 0.00547896 0.0532688 0.0434332 0.0477899
0.0817795 0.0114901 0.0264385 -0.0215737 0.0095401 0.00502887 0.0529733 0.0434332 0.0479444
0.0810323 0.0197347 0.113087 0.0349965 0.0110563 0.007329 0.0552226 0.0441663 0.0478936
0.0980291 0.0379423 -0.179776 0.0830078 0.0122964 0.0087763 0.0560772 0.0437808 0.0473009
0.108678 0.0159636 -0.0765767 -0.0397531 0.0162741 0.011493 0.0600549 0.0437808 0.0485619
0.0849416 0.0143755 -0.0643606 -0.0882401 0.0182875 0.0152395 0.0643336 0.0460462 0.0490941
0.1017 0.0187971 -0.0791357 -0.103882 0.0172215 0.0138237 0.0632676 0.0460462 0.049444
0.0826871 0.0245876 0.200979 -0.119454 0.0116954 0.0100472 0.0599741 0.0482787 0.0499269
0.120635 0.0563066 -0.200626 0.0581648 0.0134483 0.0116135 0.060386 0.0469377 0.0487725
0.0771997 0.0432191 0.0446658 -0.0264262 0.00612509 0.00601702 0.0564764 0.0503513 0.0504594
0.0696154 0.0419426 0.106379 -0.0407254 0.00685167 0.00721349 0.0575323 0.0506806 0.0503188
0.076364 0.0564042 0.0975552 0.0268073 0.00647771 0.00755785 0.0571584 0.0506806 0.0496005
0.0889902 0.075024 0.106126 0.0438078 0.00343461 0.00480746 0.0541153 0.0506806 0.0493078
0.0960131 0.0873429 -0.0588317 0.113971 0.00697623 0.00871867 0.0576569 0.0506806 0.0489382
0.0675602 0.0788422 0.00742102 0.0140943 0.00490133 0.00763237 0.0576028 0.0527014 0.0499704
0.0568452 0.0750125 -0.084075 0.00520376 0.00364408 0.00659259 0.057058 0.0534139 0.0504654
0.0323911 0.0604688 -0.0388589 -0.00436903 -0.00235026 0.000939481 0.0526145 0.0549648 0.0516751
0.0133276 0.0449974 0.127785 -0.0101112 -0.00212865 0.000873996 0.053578 0.0557067 0.052704
0.0306039 0.0580729 0.134524 -0.0128414 0.00132531 0.00404394 0.0558881 0.0545628 0.0518442
0.0480051 0.0726136 -0.0427852 0.0411547 0.00859628 0.0111945 0.0621509 0.0535546 0.0509564
0.0587959 0.0700787 0.0372114 0.00550008 0.00978582 0.0109545 0.0633404 0.0535546 0.0523859
0.0716329 0.0797727 -0.134354 0.0152546 0.00455359 0.00531766 0.0581082 0.0535546 0.0527905
0.0381918 0.0571149 0.128488 0.0226902 0.00159498 0.00264715 0.0575679 0.0559729 0.0549208
0.0577197 0.0715725 -0.117963 0.0227316 0.00390227 0.00472007 0.0588798 0.0549775 0.0541597
0.032321 0.0506096 -0.0824547 0.019919 0.00385946 0.00476553 0.0606822 0.0568227 0.0559167
0.0145154 0.033917 0.0417123 -0.0697284 0.00426936 0.00503413 0.0622541 0.0579848 0.05722
0.0222721 0.0396127 0.141083 0.0293908 0.00368246 0.00413003 0.0613993 0.0577169 0.0572693
0.0227056 0.0560816 -0.0815258 0.0280896 0.00442898 0.00589063 0.0621458 0.0577169 0.0562552
0.00655127 0.0401158 0.0761466 0.0192565 -0.00119622 0.000166461 0.0576443 0.0588405 0.0574778
0.0158544 0.0444748 0.0502157 0.00161728 -0.00492033 -0.00376911 0.0531986 0.0581189 0.0569677
0.0134306 0.0387075 -0.0932517 -0.0103326 0.00315859 0.00422228 0.0609317 0.0577731 0.0567094
0.0133166 0.0202635 0.0673218 -0.0154326 0.0084746 0.00828581 0.0662477 0.0577731 0.0579619
0.0292435 0.0333082 -0.12502 -0.018484 0.0124707 0.0122765 0.0696517 0.057181 0.0573752
0.0180039 0.0250095 0.00391436 -0.0109231 0.00682166 0.00692554 0.0656248 0.0588032 0.0586993
0.0181713 0.0241907 0.0566273 -0.0182633 0.00396525 0.00348263 0.0629118 0.0589466 0.0594292
0.0204477 0.0292505 0.0424867 -0.0168432 0.0069275 0.00686061 0.0658741 0.0589466 0.0590135
0.0288124 0.0384496 -0.139519 -0.0107298 0.00313925 0.00304267 0.0620858 0.0589466 0.0590431
-0.00335836 0.0162115 -0.0225492 -0.0100676 0.00533898 0.00567195 0.0663347 0.0609957 0.0606627
-0.00393677 0.014345 -0.0559621 -0.0163296 0.00768165 0.00730792 0.0688955 0.0612139 0.0615876
-0.00635338 0.0113643 -0.154278 -0.0116055 0.0141979 0.0135115 0.0759722 0.0617743 0.0624607
-0.0220723 -0.000900253 -0.0725589 -0.00349131 0.013024 0.0118151 0.0763266 0.0633026 0.0645115
-0.0165563 0.00215026 -0.0388007 0.0053692 0.0124605 0.0115435 0.0762682 0.0638077 0.0647248
-0.00230169 0.0133889 -0.0231481 0.0238281 0.00452741 0.00333107 0.0685524 0.0640249 0.0652213
0.000547409 0.00923867 -0.169923 -0.0471825 0.000713855 -0.00113189 0.0647388 0.0640249 0.0658707
-0.0230503 -0.0110465 -0.0612659 -0.0569429 -0.00416224 -0.00589521 0.0616877 0.06585 0.0675829
-0.023603 -0.0215664 0.0379 -0.0744394 -0.00855681 -0.0116003 0.0572931 0.06585 0.0688935
-0.0213671 -0.0278834 -0.157279 -0.10639 -0.00692084 -0.00941817 0.0582261 0.0651469 0.0676443
-0.052763 -0.0564026 0.0258451 -0.130758 -0.0154502 -0.0164797 0.0511694 0.0666196 0.0676491
-0.0543928 -0.124875 -0.0408816 -0.252074 -0.01839 -0.0207317 0.0474128 0.0658028 0.0681444
-0.065897 -0.123779 0.088953 -0.0573327 -0.0182625 -0.0203705 0.0474044 0.0656669 0.0677749
-0.058331 -0.102294 0.103573 0.0455623 -0.0177738 -0.0198381 0.0463735 0.0641473 0.0662116
-0.0537705 -0.0879096 0.0763102 0.0556788 -0.0164045 -0.0182894 0.0461829 0.0625874 0.0644723
-0.0723968 -0.0803601 -0.0845585 0.0568103 -0.0152861 -0.0155794 0.0473013 0.0625874 0.0628807
-0.0887389 -0.0958851 -0.0461168 -0.0409189 -0.0152644 -0.0155034 0.0474522 0.0627166 0.0629556
-0.0932331 -0.100043 0.0138884 -0.0496196 -0.0122864 -0.0127876 0.0499925 0.062279 0.0627801
-0.106376 -0.0961573 0.132301 -0.0493239 -0.0101762 -0.00946903 0.0521027 0.062279 0.0615718
-0.110626 -0.0631197 -0.00496626 0.0360065 -0.00506793 -0.00176205 0.057211 0.062279 0.0589731
-0.0969791 -0.0565558 0.0902648 0.0483033 -0.00204703 0.000752725 0.0589391 0.0609861 0.0581864
-0.0534883 -0.0201931 -0.232066 0.0652431 -0.00246995 -0.000267632 0.0563793 0.0588492 0.0566469
-0.0878944 -0.0529088 0.0712395 -0.0566154 -0.00284654 -0.000982335 0.0579316 0.0607782 0.058914
-0.0661383 -0.034153 -0.126528 -0.0350883 0.000874385 0.00235323 0.0600059 0.0591315 0.0576526
-0.0753689 -0.045159 -0.0296288 -0.0694856 0.00151721 0.00293588 0.0612533 0.0597361 0.0583174
-0.0736341 -0.037967 -0.0354905 -0.0707217 -0.00273887 -0.00127414 0.0569972 0.0597361 0.0582713
-0.067265 -0.035184 0.101671 -0.0236875 -0.00138151 -0.000378747 0.0579399 0.0593214 0.0583187
-0.0717568 -0.0142533 -0.0933299 -0.0240771 -0.00366762 -0.00129759 0.0556538 0.0593214 0.0569514
-0.0760546 -0.0238095 -0.018899 -0.025751 0.000380032 0.00233564 0.0599501 0.0595701 0.0576144
-0.0683703 -0.0224526 0.0196514 -0.0238251 -0.000795156 0.00080589 0.0581529 0.0589481 0.057347
-0.053298 -0.0130789 0.0315123 -0.0199205 0.00222681 0.00263445 0.060259 0.0580322 0.0576245
-0.0382876 -0.00398748 0.190035 -0.0223221 0.00475093 0.00459357 0.0619304 0.0571795 0.0573368
-0.000472546 0.0275438 -0.0317564 0.0639359 0.00549424 0.00510426 0.0604371 0.0549429 0.0553328
-0.00126314 0.0223606 -0.0793009 0.0778673 0.00750912 0.00691706 0.0627526 0.0552435 0.0558356
-0.00512934 0.0140164 -0.00370646 -0.0143051 0.00769746 0.00672075 0.0636806 0.0559832 0.0569599
-0.000153542 0.0146033 0.0604477 -0.0101406 0.00775309 0.00643872 0.0637229 0.0559698 0.0572842
0.0173235 0.0277665 0.0303588 -0.000961992 0.0125634 0.0111073 0.0679677 0.0554043 0.0568604
0.0261979 0.0342892 -0.0585341 0.00599772 0.0140409 0.0128074 0.0694452 0.0554043 0.0566378
0.0250077 0.0309975 0.0382743 0.0130784 0.0203136 0.0188479 0.0766009 0.0562873 0.057753
0.0467386 0.0481878 0.152823 0.0321647 0.0249617 0.0235619 0.0811145 0.0561527 0.0575525
0.0893707 0.0853819 -0.186715 0.113464 0.0199471 0.0185794 0.0750461 0.055099 0.0564667
0.110723 0.0671445 -0.083684 0.0693373 0.0223518 0.0188695 0.0774508 0.055099 0.0585813
0.0999689 0.0656752 -0.0241652 0.0846097 0.0197758 0.0173137 0.0769923 0.0572165 0.0596786
0.0968637 0.0685964 -0.0381937 0.0193981 0.00996635 0.00855482 0.0684849 0.0585185 0.0599301
0.0844393 0.0634371 0.265434 0.0172023 0.00719141 0.00648082 0.0670845 0.0598931 0.0606037
0.12429 0.0963818 -0.0357914 0.123551 0.00641063 0.00494018 0.0645051 0.0580944 0.0595649
0.0999422 0.0793305 -0.128268 0.0359875 0.00150129 0.00103083 0.0611573 0.059656 0.0601264
0.0653429 0.0546723 0.0690365 -0.0101357 0.00156316 0.00192349 0.0634138 0.0618507 0.0614903
0.063941 0.0556185 -0.0843649 0.0313441 -0.00297582 -0.00261703 0.0588749 0.0618507 0.0614919
0.062892 0.0379797 -0.136581 -0.0322832 -0.00445868 -0.00458351 0.057392 0.0618507 0.0619755
0.0266991 0.0157185 0.00949287 -0.0465659 -0.00724825 -0.00634005 0.0569468 0.064195 0.0632868
0.0150671 0.00787455 -0.00617504 -0.0643158 -0.00633756 -0.00452305 0.0580484 0.064386 0.0625715
0.00570107 -0.00173034 -0.0797014 -0.0336547 -0.00630693 -0.00427609 0.0580791 0.064386 0.0623552
-0.0185127 -0.0194973 6.38962e-005 -0.0967826 -0.0141021 -0.0115565 0.0512839 0.065386 0.0628404
-0.0307016 -0.0303987 0.0503139 -0.0463297 -0.0196102 -0.016755 0.0455711 0.0651812 0.0623261
-0.0359526 -0.036106 0.13738 -0.0574492 -0.0213735 -0.0184853 0.0429561 0.0643296 0.0614415
-0.059391 -0.0310104 -0.02631 0.000457714 -0.0202201 -0.0162084 0.0441096 0.0643296 0.060318
-0.0695467 -0.194692 -0.265582 -0.118769 -0.0267499 -0.01667 0.0372084 0.0639582 0.0538783
-0.136437 -0.230537 -0.0430193 -0.331635 -0.0287597 -0.0170857 0.0372873 0.066047 0.054373
-0.151463 -0.221869 -0.0324659 -0.135156 -0.0300708 -0.0184572 0.0350205 0.0650913 0.0534777
-0.163126 -0.21475 0.183183 -0.140218 -0.0229751 -0.0112623 0.040936 0.0639111 0.0521984
-0.126965 -0.171869 0.0446501 -0.0391987 -0.0199519 -0.00931534 0.0406037 0.0605556 0.049919
-0.114745 -0.150925 -0.106209 -0.0374429 -0.0195471 -0.00945401 0.0393736 0.0589207 0.0488276
-0.14109 -0.163665 0.277768 -0.0522376 -0.0150032 -0.00445921 0.0438372 0.0588404 0.0482964
-0.0941792 -0.122168 0.0297098 0.00836575 -0.00872912 -0.00027932 0.0462001 0.0549293 0.0464795
-0.084877 -0.107736 -0.0275154 0.0167784 -0.00768843 0.000652507 0.0460898 0.0537782 0.0454373
-0.0824261 -0.0979637 -0.0931759 0.0345736 -0.00353507 0.00482412 0.0497116 0.0532467 0.0448875
-0.0873823 -0.0940045 -0.0953541 0.0439354 -0.00398566 0.00476516 0.049261 0.0532467 0.0444958
-0.0899191 -0.0865463 0.0174561 -0.0214222 -0.00372082 0.00513729 0.0496086 0.0533294 0.0444713
-0.0744219 -0.0697364 -0.0320702 0.0480055 -0.00782634 0.000562695 0.0444159 0.0522422 0.0438532
-0.0880699 -0.0709779 -0.000688553 -0.0106565 -0.00790659 0.000635012 0.0443356 0.0522422 0.0437006
-0.0744181 -0.0571223 -0.175417 0.00545628 -0.0103124 -0.00217244 0.0409643 0.0512767 0.0431367
-0.0985727 -0.066887 -0.0932245 -0.0848086 -0.010795 -0.00253228 0.0415532 0.0523482 0.0440855
-0.108638 -0.0708399 0.056304 -0.107584 -0.00639876 0.00192724 0.0459494 0.0523482 0.0440222
-0.0839033 -0.0530339 0.0755997 -0.0433596 -0.00210035 0.00540191 0.0483703 0.0504707 0.0429684
-0.056674 -0.030852 -0.138143 0.0212056 -0.00346339 0.00366498 0.0452811 0.0487445 0.0416161
-0.0669241 -0.0322634 -0.0421352 -0.0535292 -0.00315516 0.00403559 0.0464363 0.0495914 0.0424007
-0.0644426 -0.0272453 0.0645876 -0.0653177 -0.0114713 -0.00461478 0.0378704 0.0493418 0.0424852
-0.058301 -0.0230262 -0.0669031 -0.00804428 -0.0070307 -0.000494488 0.0410429 0.0480736 0.0415374
-0.0679846 -0.0312012 -0.0447626 -0.0110744 -0.0124778 -0.00609082 0.0355958 0.0480736 0.0416866
-0.0770502 -0.0395888 0.100009 -0.0189074 -0.0137273 -0.00801905 0.0340965 0.0478239 0.0421156
-0.0581703 -0.02689 -0.0148211 -0.0172589 -0.0144721 -0.00957996 0.0315191 0.0459911 0.041099
-0.0627871 -0.0326051 -0.0492849 -0.0260463 -0.0113497 -0.00718344 0.034206 0.0455557 0.0413895
-0.071825 -0.0418507 0.0429029 -0.0336521 -0.0125326 -0.0087353 0.0328905 0.0454232 0.0416258
-0.0688448 -0.0424395 -0.172622 -0.0464236 -0.00834475 -0.00541711 0.035972 0.0443168 0.0413892
-0.0752048 -0.063257 -0.00159264 -0.113562 -0.0066327 -0.00490275 0.0376841 0.0443168 0.0425868
-0.0703382 -0.0616671 0.225471 -0.0450137 -0.00504184 -0.00295551 0.0384925 0.0435343 0.041448
-0.0236778 -0.0246161 -0.020606 0.107434 -0.00554758 -0.00373953 0.0349473 0.0404949 0.0386868
-0.0302563 -0.0289128 -0.0510235 0.120911 -0.00467044 -0.00273428 0.0358244 0.0404949 0.0385587
-0.0290327 -0.0287443 -0.151871 -0.0197199 0.00180028 0.00374336 0.0422952 0.0404949 0.0385518
-0.0478106 -0.0375924 -0.0614414 -0.014529 0.000655208 0.00307295 0.0426527 0.0419975 0.0395797
-0.0452652 -0.0348193 0.0621252 -0.0068122 -6.67013e-005 0.00185165 0.0419308 0.0419975 0.0400791
-0.0189981 -0.0150801 -0.136114 0.00575636 0.00298969 0.00427236 0.0436437 0.0406541 0.0393714
-0.0428267 -0.0309528 0.00100613 -0.0110011 0.000957802 0.00232573 0.0429653 0.0420075 0.0406395
-0.0265369 -0.0158346 0.0403986 0.0035519 -0.000834446 -0.000121411 0.0406969 0.0415313 0.0408183
-0.031518 -0.0109387 0.0186472 0.03308 -0.00598543 -0.00419198 0.0355459 0.0415313 0.0397379
-0.0319824 -0.0135328 0.0473404 0.0263468 -0.00628208 -0.00446966 0.0346751 0.0409572 0.0391448
-0.026041 -0.0103859 -0.00326061 0.016971 -0.00811955 -0.00688965 0.0319827 0.0401023 0.0388724
-0.0339355 -0.0191745 0.0124006 0.00778371 -0.00869189 -0.00788471 0.031176 0.0398679 0.0390607
-0.0359697 -0.0231217 -0.0905561 -0.000242576 -0.00764277 -0.00631971 0.0317646 0.0394074 0.0380843
-0.0501966 -0.0367178 0.0269575 -0.00433684 -0.0133336 -0.0113148 0.0266025 0.0399361 0.0379172
-0.0534801 -0.0402903 0.0331945 -0.0103787 -0.0215483 -0.0191806 0.0176542 0.0392025 0.0368348
-0.0736046 -0.0471715 0.0478754 -0.0117749 -0.0119616 -0.00909887 0.0272409 0.0392025 0.0363398
-0.0692883 -0.047732 -0.186442 0.0189684 -0.00874961 -0.00633648 0.0291774 0.037927 0.0355139
-0.10345 -0.0795088 -0.204657 -0.0268549 -0.0117703 -0.00986215 0.027347 0.0391172 0.0372091
-0.111631 -0.101963 -0.219605 -0.190024 -0.00929676 -0.0090233 0.0298205 0.0391172 0.0388438
-0.142196 -0.197838 0.0448322 -0.149941 -0.0140582 -0.0126847 0.0262495 0.0403077 0.0389342
-0.127838 -0.181058 0.00471497 0.0457597 -0.0161852 -0.0161701 0.0221487 0.0383339 0.0383188
-0.126077 -0.176218 -0.057497 -0.00230402 -0.0121226 -0.0130944 0.0248595 0.0369821 0.0379539
-0.141798 -0.178282 0.0732088 -0.0126485 -0.0127031 -0.0133272 0.024279 0.0369821 0.0376062
-0.119854 -0.159547 0.0483084 0.00497891 -0.0108759 -0.01243 0.0237307 0.0346066 0.0361607
-0.134732 -0.144314 0.0546103 0.0289301 -0.00688708 -0.00684739 0.0277195 0.0346066 0.0345669
-0.147264 -0.124943 -0.0507898 0.0478699 -0.00324724 -0.00167762 0.0313593 0.0346066 0.033037
-0.149864 -0.113203 -0.0547333 0.00805957 7.61598e-005 0.00203855 0.0346828 0.0346066 0.0326442
-0.127333 -0.100584 -0.0793772 -0.0449365 -0.00382239 -0.00261051 0.0294624 0.0332848 0.032073
-0.117252 -0.0943101 -0.0570297 -0.0518978 -0.00839054 -0.00739922 0.0242962 0.0326868 0.0316954
-0.11644 -0.0965909 -0.204237 -0.0686263 -0.00589999 -0.00498344 0.0260959 0.0319959 0.0310793
-0.137876 -0.114599 0.0529461 -0.100076 -0.00673412 -0.00556467 0.0262064 0.0329406 0.0317711
-0.112276 -0.0950898 0.13063 -0.0871426 -0.00389239 -0.00284414 0.0270925 0.0309849 0.0299366
-0.116737 -0.0661268 0.226703 0.0310105 -0.00558293 -0.00273595 0.0254019 0.0309849 0.0281379
-0.0630646 -0.0358707 -0.0149326 0.0629737 0.000708293 0.00231133 0.0279225 0.0272142 0.0256112
-0.0578499 -0.0252566 -0.192833 0.0523517 0.00392657 0.00515657 0.0311408 0.0272142 0.0259842
-0.0503426 -0.0346525 -0.0712433 -0.0630159 0.00538329 0.00547015 0.0325975 0.0272142 0.0271273
-0.0484304 -0.0359909 -0.0256166 -0.0708283 -0.00258476 -0.00319362 0.0246294 0.0272142 0.0278231
-0.044817 -0.0356328 0.0121794 -0.0870727 0.000784326 -1.34096e-005 0.0276852 0.0269009 0.0276986
-0.029995 -0.0271998 0.0245752 0.00623646 0.00234897 0.00136713 0.0285486 0.0261996 0.0271815
-0.0166645 -0.0188756 0.0504541 0.0164718 0.00445874 0.00338064 0.0300409 0.0255821 0.0266602
-0.0102692 -0.00480995 -0.0132589 0.0314893 0.00281275 0.00217419 0.0283949 0.0255821 0.0262207
-0.00286579 0.00266244 0.088933 0.0510905 0.00237758 0.00159419 0.0279947 0.0256171 0.0264005
0.0158958 0.015929 0.0713205 0.0655117 0.00233461 0.000948005 0.0269501 0.0246155 0.0260021
0.0298653 0.0272925 -0.0440073 0.0768997 0.00506928 0.00364403 0.0291112 0.0240419 0.0254672
0.0350752 0.0242552 0.0360346 0.0860277 0.0100342 0.00824909 0.0340761 0.0240419 0.025827
0.0500011 0.0413428 -0.0185785 0.0248201 0.010408 0.00825108 0.0344394 0.0240313 0.0261883
0.0517015 0.0469681 -0.0796185 0.0340825 0.00907367 0.00690299 0.0338246 0.0247509 0.0269216
0.0417643 0.0402434 -0.0698309 0.0351317 0.00990783 0.00763486 0.0359837 0.0260758 0.0283488
0.0332565 0.0327122 -0.148096 -0.0562837 0.00345312 0.00112684 0.030623 0.0271699 0.0294962
0.015214 0.0139369 0.107185 -0.0602618 0.00425222 0.00188955 0.0331641 0.0289119 0.0312745
0.0336113 0.0305291 0.00852966 -0.0705237 0.00668299 0.0043809 0.0347238 0.0280408 0.0303429
0.0378008 0.0294259 -0.106096 -0.0849979 0.00945434 0.00681419 0.0374951 0.0280408 0.0306809
0.0203753 0.0128536 -0.173856 -0.0934695 0.0118845 0.0092578 0.0414386 0.0295541 0.0321808
-0.00123501 -0.0087162 0.00145435 -0.0980929 0.0102297 0.00848873 0.0417648 0.0315351 0.0332761
0.0139675 0.0059289 0.0339613 -0.0992022 0.0126679 0.0108661 0.0441762 0.0315083 0.03331
0.0269928 0.0221297 -0.157186 -0.108762 0.0154576 0.013959 0.0469659 0.0315083 0.0330069
0.00923347 -0.133098 0.0873375 -0.198439 0.0120198 0.00594573 0.0455388 0.033519 0.0395931
0.0161924 -0.116321 -0.00232792 0.109633 0.0127123 0.00775979 0.0462313 0.033519 0.0384715
0.0265245 -0.106565 0.0420904 0.0601632 0.016214 0.0118235 0.049733 0.033519 0.0379095
0.0385199 -0.0875313 -0.0982761 0.0731205 0.0149547 0.0113486 0.0484737 0.033519 0.037125
0.0578194 -0.085411 -0.188134 0.0124034 0.0135339 0.00919085 0.0470528 0.033519 0.037862
0.0107231 -0.0989166 0.0469599 -0.0752518 0.0124047 0.010295 0.0496048 0.0372001 0.0393098
0.0214825 -0.078265 0.102251 0.0185641 0.0159117 0.0147448 0.0531118 0.0372001 0.0383671
0.0557747 -0.0446353 -0.0221901 0.0399588 0.0158444 0.015348 0.0518959 0.0360515 0.0365479
0.0589218 -0.0265 0.11494 0.050744 0.0109889 0.011749 0.0480213 0.0370324 0.0362723
0.0669088 0.00228896 -0.0836983 0.0509763 0.00746235 0.00985571 0.0444947 0.0370324 0.034639
0.075613 -0.00315301 0.075284 0.0395193 0.00628988 0.00786863 0.0433223 0.0370324 0.0354536
0.0810623 0.0164426 0.211433 0.026735 0.00772 0.0103403 0.0447569 0.0370369 0.0344166
0.123888 0.0672712 -0.0642185 0.123549 0.008164 0.0117475 0.0436237 0.0354597 0.0318762
0.0974245 0.0615646 -0.0782213 0.0216073 0.0108297 0.0153393 0.0483761 0.0375463 0.0330367
0.0764332 0.0548535 0.140153 0.0191505 0.00455702 0.00937558 0.0439307 0.0393737 0.0345552
0.0923805 0.0804811 -0.137718 0.0173629 0.0038426 0.00918256 0.0425836 0.038741 0.033401
0.0977974 0.054402 0.0414381 -0.0277726 0.00688264 0.0103258 0.0456236 0.038741 0.0352978
0.0947857 0.0635211 0.0114927 0.0115872 0.00472273 0.00866992 0.0440673 0.0393446 0.0353974
0.104929 0.0689573 0.008605 0.0144302 0.0073464 0.0108084 0.046691 0.0393446 0.0358826
0.0907354 0.0671352 0.0379219 0.0148975 0.00948159 0.0136159 0.0499183 0.0404367 0.0363024
0.0868864 0.0718872 0.0243025 0.0102419 0.0124435 0.0169623 0.0534452 0.0410017 0.0364829
0.0870667 0.079725 -0.0867796 0.00756721 0.00919522 0.0141666 0.0508378 0.0416426 0.0366712
0.0681753 0.0688384 0.043376 0.00401293 0.00975651 0.0152999 0.053123 0.0433665 0.0378231
0.0743113 0.0758971 -0.0745716 -0.000157402 0.0113752 0.0168174 0.0547416 0.0433665 0.0379243
0.063446 0.0748473 -0.0908728 0.00567734 0.0123471 0.0181689 0.0573241 0.044977 0.0391552
0.0497561 0.069379 0.112812 0.00813349 0.00794818 0.0144404 0.0545274 0.0465792 0.040087
0.0689087 0.0899108 -0.0304365 0.00997789 0.00855816 0.0149948 0.0545027 0.0459446 0.039508
0.0557413 0.0822604 0.0127144 0.00981534 0.00835551 0.0149848 0.055277 0.0469215 0.0402922
0.0559225 0.0864188 -0.0341139 0.0145645 0.0085202 0.0151589 0.0558577 0.0473375 0.0406987
0.0502024 0.0853486 -0.280999 0.022007 0.00326749 0.00953068 0.0514651 0.0481976 0.0419344
0.00716305 0.0488074 0.00349903 0.0313761 0.000573851 0.00681529 0.0519094 0.0513356 0.0450941
0.00676537 0.0486993 0.111671 0.0287464 -0.000298951 0.00556213 0.0510711 0.0513701 0.045509
0.00410461 0.060821 -0.0872459 0.0212591 -0.00179956 0.00425023 0.0495705 0.0513701 0.0453203
-0.0166721 0.0404485 -0.167028 0.00874409 -0.00389408 0.00202586 0.0484381 0.0523322 0.0464123
-0.0430975 0.0153337 -0.058732 0.0015174 -0.0126247 -0.00713444 0.0412487 0.0538735 0.0483832
-0.0591421 -0.00327704 0.00281143 -0.0129598 -0.00739429 -0.00269409 0.046636 0.0540303 0.0493301
-0.0568237 -0.00479482 -0.182965 -0.0209962 -0.00267075 0.000935222 0.0507487 0.0534195 0.0498135
-0.0842552 -0.0329045 -0.0173092 -0.0961491 -0.00179328 0.00061231 0.0528531 0.0546464 0.0522408
-0.0737162 -0.0276323 0.0286274 -0.0433987 0.00480224 0.00635861 0.0588043 0.054002 0.0524457
-0.053319 -0.0143186 0.0274992 -0.054787 0.0078179 0.00851229 0.0608427 0.0530248 0.0523304
-0.035882 -0.00364379 -0.0681829 -0.062654 0.00415626 0.004422 0.056414 0.0522577 0.051992
-0.0347681 -0.00724 0.0452213 -0.0673661 0.00531929 0.0052309 0.0578822 0.052563 0.0526514
-0.0278292 0.0051135 -0.0195942 -0.0746355 0.00332639 0.00383021 0.0558894 0.052563 0.0520591
-0.0218658 0.00675943 -0.0223112 -0.0791204 0.00654626 0.00624184 0.0591092 0.052563 0.0528674
-0.0196915 0.00390813 -0.169103 -0.0951811 0.000597373 8.44047e-005 0.0531655 0.0525682 0.0530811
-0.0459299 -0.156283 -0.111627 0.191917 -0.00618554 -0.00841413 0.0480385 0.054224 0.0564526
-0.0479994 -0.160673 -0.0714436 -0.133641 -0.00478487 -0.0074577 0.0494392 0.054224 0.0568969
-0.04984 -0.153653 0.0322504 -0.0718693 -0.00251586 -0.00526193 0.0519832 0.0544991 0.0572452
-0.0330353 -0.131498 0.0241051 -0.0136214 -0.000727627 -0.00403904 0.0528631 0.0535907 0.0569021
-0.0355234 -0.118497 -0.143808 0.00622268 0.00345156 0.000544358 0.0570423 0.0535907 0.0564979
-0.0520182 -0.128898 -0.0251818 -0.095181 -0.00030015 -0.00278585 0.0545531 0.0548532 0.0573389
-0.0452871 -0.121014 0.255206 -0.0317632 -5.01908e-005 -0.00273045 0.0545086 0.0545588 0.057239
0.000940323 -0.0717663 -0.149623 0.0748904 -0.00230513 -0.00566295 0.0491101 0.0514152 0.054773
0.000855446 -0.0964234 0.0275679 -0.0265717 -0.000189822 -0.00472546 0.0512254 0.0514152 0.0559508
0.0062027 -0.0861162 0.0750494 0.0309728 -0.000522573 -0.00468969 0.0505941 0.0511167 0.0552838
0.0233507 -0.0638784 -0.225801 0.0666421 -0.00166693 -0.00555705 0.0487193 0.0503863 0.0542764
-0.0163431 -0.0965992 -0.0196981 -0.0326893 -0.00385585 -0.00681862 0.0490694 0.0529252 0.055888
-0.0251341 -0.0999212 0.181162 -0.0423342 -0.00145848 -0.0038675 0.0514999 0.0529584 0.0553674
0.00728607 -0.0644866 -0.0400467 0.0598604 -0.000690464 -0.00305035 0.0502752 0.0509657 0.0533256
0.00245667 -0.0637706 -0.0599766 -0.00855529 0.00357416 0.00182845 0.0549896 0.0514154 0.0531611
-0.00416756 -0.0637825 0.049119 -0.0410635 0.00333422 0.00193948 0.0553359 0.0520017 0.0533965
0.0113869 -0.0431943 0.00466061 0.00462991 0.00533351 0.00447415 0.0568386 0.0515051 0.0523645
0.0163689 -0.0323262 -0.104156 0.0179118 0.00437084 0.00371789 0.0559383 0.0515675 0.0522205
-0.000226974 -0.0424913 0.00361919 -0.0732649 0.00394094 0.00393791 0.0566239 0.0526829 0.052686
0.00370789 -0.0334318 0.0428247 0.00442192 -0.00457079 -0.00404972 0.0480766 0.0526474 0.0521263
0.0044241 -0.0277569 0.0815449 -0.000932252 0.000732046 0.00141563 0.0530175 0.0522855 0.0516019
0.0138998 -0.0138556 -0.0443506 0.0631589 0.00077888 0.00154147 0.05235 0.0515711 0.0508085
0.00649929 -0.0173212 0.224564 -0.0134471 0.00328814 0.00418716 0.0553997 0.0521115 0.0512125
0.0172787 0.0290174 0.0752535 0.0926119 0.00152815 0.00530391 0.0536397 0.0521115 0.0483358
0.0300446 0.0433288 0.043211 0.105144 0.00405521 0.00757646 0.0555625 0.0515072 0.047986
0.0419436 0.0573785 0.104965 0.127552 -0.00335042 -8.03876e-006 0.0480228 0.0513732 0.0480308
0.0472651 0.0635795 0.0418997 0.134994 -0.0027191 0.000496424 0.0480247 0.0507438 0.0475283
0.0446949 0.0630266 -0.0762901 0.0786568 -0.00338832 -0.00020971 0.0474082 0.0507965 0.0476179
0.0220995 0.0434689 0.0794964 0.0646947 -0.004314 -0.00127916 0.0476567 0.0519707 0.0489359
0.0299778 0.0526934 0.00155926 0.0556804 0.000890981 0.0041298 0.0523103 0.0514193 0.0481805
0.0256748 0.0505659 -0.0487099 0.0449771 0.00224605 0.00599053 0.0539362 0.0516902 0.0479457
0.0177727 0.045972 0.0522499 0.041217 -0.00785395 -0.00450592 0.0445407 0.0523946 0.0490466
0.0184803 0.0480615 -0.0533524 0.027344 -0.00622498 -0.00295535 0.0458447 0.0520697 0.0488
0.00419235 0.0349265 0.0832691 0.0106325 -0.00591628 -0.00274616 0.0468281 0.0527444 0.0495743
0.00325012 0.0457413 -0.138468 -0.00564868 -0.0041201 -0.000638886 0.0486243 0.0527444 0.0492632
-0.0303955 0.0143618 0.110722 -0.0254923 -0.009417 -0.00589213 0.0448133 0.0542303 0.0507054
-0.0370426 0.026269 0.0648708 -0.0378883 -0.00533593 -0.00124082 0.0488944 0.0542303 0.0501352
-0.0246124 0.031222 0.0538044 -0.055127 -0.00408062 -0.000484373 0.0489953 0.0530759 0.0494796
-0.0296612 0.0341658 0.0790958 0.026956 0.000405584 0.00472698 0.0534815 0.0530759 0.0487545
-0.0257645 0.0496465 0.110994 0.0416798 -0.000121523 0.00470926 0.0529544 0.0530759 0.0482451
0.00484085 0.0651174 -0.0149555 0.0569482 -0.00525849 -0.0018167 0.0460357 0.0512942 0.0478524
-0.00404739 0.0529551 0.0138512 0.0626756 -0.00417656 -0.00063965 0.0473542 0.0515308 0.0479938
-0.00977707 0.0440397 0.0652103 0.0709218 -0.00473194 -0.00160715 0.0467988 0.0515308 0.048406
0.00683022 0.0503222 -0.126917 0.0882893 -0.000274748 0.00179148 0.0503381 0.0506129 0.0485466
0.00548172 0.0236065 -0.125746 0.105758 0.000444446 0.000274242 0.0510573 0.0506129 0.0507831
-0.0191345 -0.296376 -0.0386009 -0.0455729 -0.000839856 -0.00893396 0.0514011 0.0522409 0.060335
-0.0269394 -0.297901 0.047142 -0.0289311 -0.000954945 -0.00879203 0.0515082 0.0524631 0.0603002
-0.0137138 -0.286379 -0.0234032 -0.0166936 -0.000251062 -0.00878921 0.051419 0.0516701 0.0602082
-0.0156441 -0.279318 0.244459 -0.0059105 0.00356667 -0.00468599 0.0553355 0.0517689 0.0600215
-0.0136948 -0.236505 0.0250854 0.0119295 -0.00214273 -0.00976885 0.0496261 0.0517689 0.059395
-0.0134621 -0.230027 0.106867 0.0135896 0.000168711 -0.00740633 0.0515141 0.0513453 0.0589204
-0.0107269 -0.203061 0.00437164 0.0197681 0.00294147 -0.00304246 0.0542868 0.0513453 0.0573293
-0.00353432 -0.188116 -0.0231571 0.030563 0.00238367 -0.00289431 0.0535556 0.051172 0.0564499
-0.00405121 -0.175586 -0.130545 0.0386515 0.0072815 0.00243148 0.0586653 0.0513838 0.0562339
-0.0187283 -0.17038 -0.0475712 0.0444217 0.00561642 0.00189259 0.0583035 0.0526871 0.0564109
-0.0224419 -0.160534 -0.0160656 0.0508837 0.0108753 0.00791098 0.0638493 0.0529739 0.0559383
-0.007864 -0.134058 0.0540466 0.0710509 0.00851704 0.00609094 0.0614292 0.0529121 0.0553382
0.0117512 -0.102302 0.0106869 0.0840036 0.00798799 0.00612607 0.060311 0.052323 0.0541849
0.0150204 -0.16719 0.0311279 -0.009923 0.00957993 -0.00150035 0.0619129 0.052333 0.0634132
0.0297928 -0.163145 -0.0443802 -0.0136984 0.0132145 0.00193098 0.0653973 0.0521828 0.0634663
0.0351048 -0.156504 -0.0545044 -0.00621617 0.0141518 0.00355721 0.067023 0.0528711 0.0634657
0.0472775 -0.153324 -0.0669403 0.00310816 0.0153288 0.00479417 0.0681999 0.0528711 0.0634057
0.0421047 -0.148791 0.0909615 0.00637686 0.0150779 0.00579483 0.0691359 0.054058 0.063341
0.0657883 -0.137648 -0.142216 0.00804391 0.0140996 0.00461492 0.0676627 0.0535632 0.0630478
0.0806351 -0.132364 0.0927792 0.00627132 0.0130425 0.00355391 0.0666056 0.0535632 0.0630517
0.0942345 -0.124814 0.0621052 0.0020015 0.0184146 0.00931423 0.0718435 0.0534289 0.0625292
0.106197 -0.111309 -0.00611115 0.00284153 0.0188934 0.0105572 0.0726634 0.05377 0.0621062
0.129974 -0.092141 0.159262 0.00917204 0.0197494 0.0116176 0.0735193 0.05377 0.0619017
0.153547 -0.0716525 -0.0867786 0.0882961 0.0175489 0.00993781 0.0709851 0.0534361 0.0610473
0.129791 -0.0610804 -0.105881 0.0138637 0.012619 0.00754742 0.0686597 0.0560407 0.0611123
0.103777 -0.0547383 0.132568 0.00840751 0.013448 0.0105742 0.0719425 0.0584946 0.0613683
0.117357 -0.031996 -0.0798664 0.00908323 0.0121416 0.0103415 0.0706362 0.0584946 0.0602947
0.134747 -0.0194909 0.0819702 0.00999414 0.00879319 0.00657712 0.0672878 0.0584946 0.0607106
0.12738 -0.0100749 -0.235342 0.00389815 0.0107544 0.00951871 0.0698987 0.0591444 0.06038
0.0657082 -0.0238476 -0.00131989 0.006242 0.00791336 0.00901879 0.0712093 0.0632959 0.0621905
0.0740166 -0.0118732 -0.0612621 0.0157825 0.00708242 0.00845998 0.0703784 0.0632959 0.0619184
0.0519199 -0.0108844 -0.0101166 0.0103514 0.00374637 0.00626686 0.0686528 0.0649064 0.0623859
0.0450478 -0.00358684 -0.0504265 0.00679604 0.00538618 0.00843131 0.0709822 0.065596 0.0625509
0.0336723 -0.000459833 0.0017395 0.00900323 0.00253002 0.00603273 0.0691326 0.0666026 0.0630998
0.0324421 0.00722746 -0.0022316 0.0123727 -0.000703476 0.00294755 0.0662223 0.0669258 0.0632748
0.0274372 0.0101534 0.0126934 0.005609 0.00130721 0.00511893 0.0685735 0.0672663 0.0634546
0.0317497 0.0181965 -0.138739 0.00275186 0.00282673 0.00682041 0.070093 0.0672663 0.0632726
0.00188255 0.00150311 -0.139217 -0.0333734 -0.00486884 -0.000496199 0.064223 0.0690918 0.0647192
-0.0316067 -0.0227236 -0.0983715 -0.11465 -0.0045718 -0.00020885 0.0659714 0.0705432 0.0661803
-0.0334435 -0.0306132 -0.0461235 -0.124565 -0.00744369 -0.00361161 0.0630995 0.0705432 0.0667111
-0.0393047 -0.0328865 0.0354252 -0.127173 -0.00189883 0.00202072 0.068785 0.0706838 0.0667643
-0.0238667 -0.0179163 -0.154133 -0.0420194 -0.00346722 6.64637e-005 0.0664264 0.0698937 0.06636
-0.0490017 -0.0373327 0.092205 -0.0491996 -0.00766838 -0.0038377 0.0635529 0.0712213 0.0673906
-0.0385399 -0.028925 0.0298157 -0.0608489 -0.00684446 -0.00324366 0.0629775 0.069822 0.0662212
-0.0313225 -0.0216444 0.0983677 -0.0616252 -0.00919604 -0.00577083 0.0599626 0.0691587 0.0657335
-0.0200558 -0.0108428 0.00234032 -0.0705441 -0.00115339 0.00201416 0.066766 0.0679193 0.0647518
-0.0200367 -0.00682881 -0.0539322 -0.0704575 -0.00258654 0.000864494 0.0653328 0.0679193 0.0644683
-0.0256672 -0.0162708 -0.00348473 -0.0731226 -0.0103006 -0.00695893 0.0576188 0.0679193 0.0645777
-0.0304146 -0.0204471 -0.060318 -0.0747071 -0.0105283 -0.00690264 0.0571315 0.0676598 0.0640341
-0.0373878 -0.0301042 0.112516 -0.0753621 -0.00999407 -0.00647902 0.0576657 0.0676598 0.0641447
-0.0183105 -0.0180319 0.119413 -0.0701125 -0.00635055 -0.00339218 0.0594848 0.0658353 0.062877
0.0061512 0.0023447 0.0698853 -0.00325406 0.00225534 0.00484193 0.066527 0.0642717 0.0616851
0.0105743 0.0186235 0.00753784 0.00667098 0.000933632 0.0042407 0.0652053 0.0642717 0.0609646
0.0129051 0.0232643 0.031332 0.0276316 -0.0031113 4.9185e-005 0.0611964 0.0643077 0.0611472
0.00524902 0.0194099 -0.0893974 0.0331819 -0.000153303 0.00280984 0.0641544 0.0643077 0.0613446
-0.0130024 0.00996781 0.00572395 -0.0310224 -0.00172372 0.00168721 0.0637375 0.0654612 0.0620503
-0.0124035 0.00990877 -0.0207787 -0.0454959 -0.00652316 -0.00404539 0.0587264 0.0652496 0.0627718
-0.0164757 0.00578608 -0.0175266 -0.0669225 -0.00410365 -0.00212931 0.0612352 0.0653389 0.0633645
-0.0237598 -0.00234486 0.0173664 -0.0991919 -0.00392088 -0.0025461 0.0614287 0.0653496 0.0639748
-0.0179901 -0.000188565 0.0391998 0.0389786 -0.00111721 -1.28109e-005 0.0638266 0.0649438 0.0638394
-0.00722885 0.00723541 0.14814 0.0414239 -0.00216376 -0.00128123 0.0622292 0.064393 0.0635104
0.0132103 0.0218554 0.0394115 0.0472619 -0.00036215 0.000322782 0.0625598 0.062922 0.0622371
0.0111523 0.0220891 0.0945835 0.0549248 0.00618916 0.00687677 0.0691111 0.062922 0.0622344
0.0201092 0.0409185 -0.115694 0.0840252 0.0030992 0.00438893 0.0660212 0.062922 0.0616323
0.0273399 0.0291143 -0.134706 0.107835 0.00740245 0.00730403 0.0703244 0.062922 0.0630204
-0.00165176 0.0130471 0.152079 0.0624798 0.00316121 0.00372741 0.0681446 0.0649834 0.0644172
0.030695 0.0352934 0.0975208 0.150814 0.00616408 0.00666103 0.0693444 0.0631804 0.0626834
0.0444317 0.0460593 -0.0616188 0.0774239 0.0090609 0.00941581 0.0715057 0.0624448 0.0620899
0.0410461 0.0477335 0.00880814 0.0982312 0.00555702 0.00598703 0.0691132 0.0635562 0.0631262
0.0436764 0.0509316 0.0149994 0.115238 0.00859919 0.00906012 0.0724808 0.0638817 0.0634207
0.0515251 0.0544784 0.0820999 0.128376 0.00796374 0.00814465 0.0718454 0.0638817 0.0637007
0.0648308 0.0659243 0.0423527 0.136233 0.00500999 0.00523393 0.0685577 0.0635477 0.0633237
0.0670033 0.0686736 0.0713654 0.143257 0.00224993 0.00226656 0.0660324 0.0637824 0.0637658
0.0670471 0.0672327 -0.0977497 0.148805 0.0060739 0.00620987 0.0698123 0.0637384 0.0636024
0.0458107 0.0491418 -0.0954208 0.0133744 0.0055518 0.00638711 0.0709104 0.0653586 0.0645233
0.0249691 0.0316093 -0.0209084 0.00855604 0.00354524 0.00456141 0.0702659 0.0667206 0.0657045
0.0206814 0.0286337 0.0547695 0.00794823 -0.00049869 0.00022253 0.0666584 0.067157 0.0664358
0.0245571 0.0311738 0.0239525 0.0151043 0.0056015 0.00647833 0.0724374 0.0668359 0.065959
0.0315762 0.0388936 -0.0868206 0.0253979 0.00956964 0.0100594 0.0764112 0.0668415 0.0663518
0.020853 0.0302343 -0.0251675 0.0415846 0.000592232 0.00191234 0.0685383 0.067946 0.0666259
0.0151939 0.0253307 -0.111095 0.0560066 0.000733495 0.00216744 0.0691081 0.0683746 0.0669406
0.00252914 0.0133645 0.00698853 -0.08458 -0.0011977 -0.000526017 0.0683522 0.0695499 0.0688782
-0.00502777 -0.385223 -0.053463 -0.214126 0.000964828 0.00137718 0.0704732 0.0695083 0.069096
-0.0116234 -0.322765 -0.285889 -0.0497846 0.00032571 0.00145645 0.0702854 0.0699596 0.0688289
-0.0508404 -0.318218 -0.0119057 -0.188914 -0.00111373 0.00235255 0.0714045 0.0725182 0.0690519
-0.0537968 -0.27052 0.281935 -0.0907189 0.002246 0.00580113 0.0747642 0.0725182 0.0689631
0.00396156 -0.19069 0.142515 0.0374162 0.00403988 0.0047412 0.0730422 0.0690024 0.068301
0.0303802 -0.149103 -0.117069 0.101669 0.00226439 0.00255813 0.0698502 0.0675858 0.0672921
0.00737953 -0.147792 0.0891438 0.0812298 0.00211564 0.00346982 0.0711792 0.0690636 0.0677094
0.0281124 -0.116188 -0.0293293 0.11261 0.00681451 0.00803447 0.0750719 0.0682574 0.0670375
0.0257053 -0.101667 -0.206184 0.0511897 0.0027165 0.00484565 0.0715328 0.0688163 0.0666871
-0.00522804 -0.108955 0.106716 0.0139806 -0.00327808 0.000649775 0.0677703 0.0710484 0.0671205
0.0140495 -0.0831477 -0.0836639 0.024785 -0.00949445 -0.00567159 0.0604854 0.0699799 0.066157
-0.014801 -0.0964291 -0.115406 0.00952738 -0.00970472 -0.00482331 0.0612017 0.0709064 0.066025
-0.0395985 -0.10479 0.0666142 -0.0979324 -0.010458 -0.00470324 0.0613975 0.0718556 0.0661008
-0.0535603 -0.0977808 0.068409 -0.00131674 -0.015577 -0.00923112 0.0562785 0.0718556 0.0655097
-0.0455513 -0.0883579 -0.0499268 -0.0110153 -0.0095687 -0.00315825 0.0610045 0.0705732 0.0641628
-0.0534725 -0.0866194 -0.0810184 -0.0233672 -0.0121875 -0.00461569 0.0584305 0.070618 0.0630461
-0.0639515 -0.0855935 -0.0359688 -0.0290077 -0.012823 -0.00530738 0.0580704 0.0708934 0.0633778
-0.0749531 -0.0886106 0.0880146 -0.0480412 -0.00869086 -0.00102362 0.0619278 0.0706187 0.0629514
-0.0896091 -0.0746265 0.0199337 -0.0586954 -0.00861255 0.000327056 0.0620061 0.0706187 0.0616791
-0.0771637 -0.0602649 0.0521736 -0.0682627 -0.00713095 0.00145441 0.0623063 0.0694373 0.0608519
-0.0620232 -0.043972 -0.135366 0.00628472 -0.00313283 0.00540548 0.0649588 0.0680917 0.0595534
-0.0679245 -0.0537123 -0.153028 -0.098554 0.000359572 0.00803109 0.0684512 0.0680917 0.0604202
-0.0705624 -0.0614847 0.0437107 -0.114286 -0.00257263 0.00452483 0.065519 0.0680917 0.0609942
-0.0725002 -0.0416546 0.0997601 -0.125023 -0.00172129 0.00647335 0.0663704 0.0680917 0.059897
-0.0364895 -0.0163828 0.0753117 0.0478055 0.00282063 0.0103105 0.0686007 0.06578 0.0582901
-0.0361385 0.00396645 0.150305 0.0503364 0.00401075 0.0122319 0.0697908 0.06578 0.0575589
0.0123711 0.0363051 0.159079 0.0608915 0.00816933 0.0158387 0.0714753 0.063306 0.0556367
0.0184994 0.0655841 0.129688 0.0744831 0.00724836 0.0165531 0.0705544 0.063306 0.0540012
0.0550137 0.0936858 -0.00650215 0.0835644 0.00695096 0.0150955 0.0688022 0.0618512 0.0537067
0.0515633 0.0980852 0.0676632 0.0881056 0.00497625 0.0129625 0.0675559 0.0625796 0.0545933
0.0621071 -0.301368 0.0294266 0.358556 0.00674871 0.0051323 0.0691517 0.062403 0.0640194
0.0657291 -0.286886 0.0471439 -0.0708536 0.0101457 0.0089171 0.0728871 0.0627414 0.06397
0.0687447 -0.274247 0.0828037 -0.061466 0.00799113 0.00710957 0.070917 0.0629259 0.0638074
0.0815182 -0.252581 -0.174402 -0.0389609 0.00758822 0.00665628 0.0703788 0.0627906 0.0637226
0.0509071 -0.253945 0.0264988 -0.0479573 -0.00108013 0.000224504 0.0641198 0.0651999 0.0638953
0.0427971 -0.250184 0.0819378 -0.00417114 0.00465227 0.00657712 0.0700787 0.0654264 0.0635016
0.052248 -0.232798 -0.10384 0.0169679 0.00586323 0.00796419 0.0709296 0.0650664 0.0629654
0.0328503 -0.225259 0.0461254 0.0431367 -0.000600822 0.00298666 0.065895 0.0664958 0.0629083
0.0333939 -0.210029 0.0473461 0.0667043 -0.00119412 0.00306417 0.0651803 0.0663744 0.0621161
0.0342102 -0.191439 0.0980167 0.0891327 0.00145051 0.00644998 0.0676972 0.0662467 0.0612473
0.0471325 -0.16128 -0.117796 0.113417 0.00460918 0.0101279 0.0702707 0.0656615 0.0601428
0.0294762 -0.149204 -0.0339699 -0.0323102 0.00764961 0.0148545 0.0748283 0.0671787 0.0599738
0.0241261 -0.130039 -0.186443 -0.0291325 0.00776073 0.0164859 0.0755251 0.0677644 0.0590393
-0.00260162 -0.12542 -0.0544548 -0.0253878 0.00239772 0.0125555 0.0721127 0.069715 0.0595572
0.00117302 -0.106172 0.0775433 -0.0245746 0.00200602 0.0123546 0.071721 0.069715 0.0593665
0.0124245 -0.0793823 -0.189238 -0.035115 0.00930208 0.0200812 0.0782203 0.0689182 0.0581391
-0.00781822 -0.0714653 -0.0884819 -0.0376925 0.00844554 0.0203061 0.0794212 0.0709756 0.059115
0.000837326 -0.0542569 0.101336 -0.0305712 0.00894576 0.0204517 0.0799214 0.0709756 0.0594697
0.0305195 -0.0145151 0.00120544 -0.0299414 0.0153135 0.0267579 0.0851689 0.0698554 0.058411
0.0358124 0.00717034 0.111549 -0.0429312 0.0154436 0.0273624 0.0856129 0.0701692 0.0582505
0.061554 0.0459369 0.000936508 -0.0496271 0.0139582 0.0266666 0.0833429 0.0693847 0.0566763
0.0674667 0.0659694 -0.0634155 -0.0516644 0.0151714 0.0281006 0.0851675 0.0699961 0.0570669
0.0843048 0.0730294 0.0814533 -0.0542284 0.0166038 0.0272506 0.0865999 0.0699961 0.0593494
0.0983982 0.0973351 0.0396023 -0.0640892 0.016961 0.0275414 0.0869884 0.0700274 0.059447
0.109785 0.107185 0.146666 -0.0728619 0.0175657 0.0264418 0.0875932 0.0700274 0.0611513
0.129831 0.1361 -0.0124569 -0.091141 0.017527 0.0268903 0.0871247 0.0695977 0.0602344
0.128166 0.139114 -0.198175 -0.09742 0.0158006 0.0242031 0.0869638 0.0711632 0.0627607
0.0883465 0.0907629 0.0611877 -0.108151 0.0172689 0.022774 0.0918626 0.0745937 0.0690887
0.100945 0.104362 -0.0384865 -0.11105 0.0168249 0.0221733 0.091694 0.0748691 0.0695207
0.117105 -0.352042 -0.00729561 -0.118152 0.0138857 -0.0103508 0.0887548 0.0748691 0.0991056
0.107065 -0.340638 -0.0404911 -0.123299 0.0134178 -0.00943364 0.0896509 0.0762331 0.0990845
0.0949097 -0.330896 0.0205231 -0.128472 0.0120492 -0.00915083 0.0898288 0.0777796 0.0989796
0.0978851 -0.31454 0.118378 -0.128746 0.00997552 -0.0104569 0.0885078 0.0785323 0.0989647
0.117304 -0.292069 0.00815392 -0.131305 0.00677545 -0.0136945 0.0851059 0.0783305 0.0988004
0.107119 -0.288021 0.0106754 -0.142116 0.000743516 -0.0183736 0.0801273 0.0793838 0.0985009
0.109621 -0.288112 0.0466061 -0.133683 -0.000696555 -0.0196188 0.0786872 0.0793838 0.098306
0.10235 -0.285998 -0.0181923 -0.134812 0.000516042 -0.0171835 0.0805687 0.0800527 0.0977523
0.0833263 -0.289004 -0.0548782 -0.137972 -0.00198765 -0.018324 0.0793004 0.0812881 0.0976245
0.0856495 -0.290497 -0.0375881 -0.138304 -0.00437935 -0.0205476 0.0769087 0.0812881 0.0974564
0.0615139 -0.296167 -0.126225 -0.149225 -0.00437023 -0.0192146 0.0782838 0.082654 0.0974984
0.020731 -0.310068 0.164864 -0.16782 -0.0116899 -0.02434 0.0729524 0.0846424 0.0972924
0.00933266 -0.541876 -0.020647 -0.312083 -0.00762937 -0.0236848 0.077013 0.0846424 0.100698
-0.0097332 -0.555852 0.0156879 -0.331606 -0.0135478 -0.0293767 0.0714342 0.0849819 0.100811
-0.0111561 -0.561027 0.0275173 -0.345589 -0.0141608 -0.0303215 0.0705478 0.0847086 0.100869
-0.0169411 -0.57142 -0.0674229 -0.362639 -0.0124261 -0.0287837 0.0718833 0.0843094 0.100667
-0.0231743 -0.575203 -0.0203972 -0.375332 -0.0150799 -0.0312035 0.0692295 0.0843094 0.100433
-0.0419083 -0.582939 -0.11404 -0.402542 -0.0183617 -0.0337304 0.0659169 0.0842785 0.0996472
-0.0585251 -0.623416 0.0228195 -0.432523 -0.0157876 -0.0260363 0.0684909 0.0842785 0.0945272
-0.0545578 -0.6198 -0.204706 -0.45101 -0.00945795 -0.0208716 0.0738697 0.0833276 0.0947412
-0.0904675 -0.624088 -0.0158176 -0.472169 -0.0181755 -0.0279924 0.0668024 0.0849779 0.0947948
-0.113489 -0.637014 0.0926476 -0.49978 -0.0115323 -0.0212685 0.0734455 0.0849779 0.0947141
-0.127214 -0.641168 -0.0058651 -0.522466 -0.00903153 -0.0184735 0.0759463 0.0849779 0.0944198
-0.110043 -0.645181 -0.0122108 -0.530158 -0.0139332 -0.0244287 0.0695066 0.0834398 0.0939353
-0.111835 -0.663239 0.00282478 -0.554955 -0.0153632 -0.0259092 0.0669377 0.0823009 0.0928469
-0.107851 -0.753863 -0.0894775 -0.580466 -0.0116238 -0.016841 0.0694271 0.0810509 0.0862681
-0.112839 -0.74887 -0.021162 -0.59255 -0.0139485 -0.0193487 0.0669118 0.0808604 0.0862606
-0.125694 -0.747288 -0.0178719 -0.614054 -0.0141473 -0.019344 0.066713 0.0808604 0.086057
-0.125439 -0.753273 0.0736599 -0.653717 -0.0146306 -0.0204098 0.065035 0.0796657 0.0854448
-0.140671 -0.755055 -0.110001 -0.683616 -0.0119528 -0.0171569 0.0677129 0.0796657 0.0848698
-0.151247 -0.758143 0.171173 -0.703501 -0.0153548 -0.0195264 0.0643108 0.0796657 0.0838372
-0.10145 -0.76657 -0.129318 -0.733 -0.0178436 -0.0249635 0.0577198 0.0755634 0.0826833
-0.126183 -0.783009 0.0767918 -0.768731 -0.0162134 -0.0221042 0.059675 0.0758883 0.0817791
-0.103216 -0.789898 -0.0807552 -0.801218 -0.0199259 -0.0262731 0.0537494 0.0736753 0.0800225
-0.121864 -1.04492 0.211922 -0.838163 -0.0124583 -0.0289944 0.061217 0.0736753 0.0902114
-0.13443 -1.03198 0.0637321 -0.873734 -0.0122803 -0.0288796 0.061395 0.0736753 0.0902747
-0.149038 -1.02656 -0.200432 -0.907751 -0.00953493 -0.0259391 0.0641404 0.0736753 0.0900794
-0.173855 -1.03256 0.144611 -0.946592 -0.0101602 -0.0262833 0.0642163 0.0743765 0.0904996
-0.185427 -1.18324 0.141413 -0.988972 -0.00880074 -0.0368615 0.0655758 0.0743765 0.102437
-0.121464 -1.18694 0.0161896 -1.03241 -0.0044457 -0.0369149 0.0655827 0.0700284 0.102498
-0.0977097 -1.18976 0.124754 -1.07429 0.000722252 -0.0337876 0.0691044 0.0683821 0.102892
-0.053566 -1.19416 0.050415 -1.10797 0.000954725 -0.0352595 0.0668811 0.0659263 0.102141
-0.0362053 -1.3226 0.0712299 -1.14274 -0.00187301 -0.0407427 0.0629719 0.0648449 0.103715
-0.0198002 -1.32468 -0.0421219 -1.18553 0.000812016 -0.039203 0.0645872 0.0637752 0.10379
-0.0190678 -1.33417 0.137518 -1.22079 -0.00222741 -0.041884 0.0617633 0.0639907 0.103647
0.00670242 -1.50662 -0.0553951 -1.26261 -0.00237456 -0.0462489 0.0601365 0.0625111 0.106385
-0.00371933 -1.464 -0.12463 -1.30898 -0.000190504 -0.0435268 0.0628993 0.0630898 0.106426
-0.0178967 -1.45917 0.0599194 -1.3572 -0.00366424 -0.0455468 0.0605434 0.0642076 0.10609
-0.00884628 -1.57938 0.223816 -1.39837 -0.00726159 -0.0462003 0.0562294 0.063491 0.10243
-0.0125256 -1.5742 -0.135509 -1.44582 -0.0098925 -0.0487895 0.0535985 0.063491 0.102388
-0.045105 -1.59542 -0.0145969 -1.49316 -0.0158519 -0.0526983 0.0489108 0.0647628 0.101609
-0.0614452 -1.70791 0.045187 -1.54298 -0.0163711 -0.0477449 0.0483916 0.0647628 0.0961365
-0.0593719 -1.71532 -0.0964775 -1.59548 -0.0200732 -0.0528681 0.0434914 0.0635647 0.0963595
-0.0799255 -1.74194 0.181181 -1.65273 -0.0182734 -0.0509322 0.0452913 0.0635647 0.0962235
-0.0432091 -1.88534 -0.121643 -1.69697 -0.0149897 -0.0512349 0.0454712 0.0604609 0.0967061
-0.0674057 -1.87561 -0.138039 -1.74372 -0.0144459 -0.0499328 0.046893 0.0613389 0.0968258
-0.0950775 -1.89052 0.0615196 -1.78974 -0.0132625 -0.0477175 0.0488304 0.0620929 0.0965479
-0.104063 -1.98351 -0.0620651 -1.83391 -0.00710301 -0.0403304 0.0549899 0.0620929 0.0953203
-0.0926342 -1.97308 -0.120684 -1.86141 -0.00969972 -0.0432449 0.0519143 0.061614 0.0951592
-0.107922 -1.99704 0.0344162 -1.90193 -0.0131097 -0.0457264 0.0488075 0.0619173 0.0945339
-0.100119 -2.1118 0.0353489 -1.94919 -0.0125535 -0.0416399 0.0478877 0.0604411 0.0895276
-0.0932388 -2.09664 0.0452881 -1.99472 -0.0161691 -0.046483 0.0429115 0.0590806 0.0893946
-0.0849113 -2.11851 0.0596657 -2.04624 -0.0133313 -0.0453277 0.0443915 0.0577228 0.0897192
-0.0778389 -2.26554 0.0705395 -2.09996 -0.00866802 -0.0500571 0.0476631 0.0563311 0.0977202
-0.0649281 -2.26492 -0.0163174 -2.14962 -0.00563394 -0.0488125 0.0492874 0.0549214 0.0980999
-0.0648193 -2.4374 -0.0329704 -2.2075 -0.00678038 -0.0568745 0.0476833 0.0544637 0.104558
-0.0655613 -2.38161 -0.00387764 -2.26299 -0.00314664 -0.05376 0.051019 0.0541656 0.104779
-0.0553017 -2.4912 -0.09762 -2.31762 -0.00258857 -0.0578335 0.0510018 0.0535904 0.108835
-0.0574589 -2.49069 -0.142996 -2.38294 0.00139589 -0.053926 0.0549863 0.0535904 0.108912
-0.0711975 -2.69608 -0.0882378 -2.44879 0.00273937 -0.0591421 0.0572223 0.0544829 0.116364
-0.069437 -2.62327 0.0629921 -2.50274 0.00101465 -0.0604861 0.0556708 0.0546562 0.116157
-0.0591049 -2.7021 -0.0726776 -2.54914 -4.51244e-005 -0.055119 0.054611 0.0546562 0.10973
-0.0575848 -2.71174 -0.023531 -2.60378 -0.00212676 -0.0570658 0.0525294 0.0546562 0.109595
-0.0562572 -2.89328 -0.0694695 -2.6691 -0.00382451 -0.0613753 0.0504157 0.0542402 0.111791
-0.0681686 -2.8443 0.0030098 -2.72435 -0.00422647 -0.0616184 0.0501648 0.0543913 0.111783
-0.0667419 -2.93588 -0.0221729 -2.78568 -0.0011855 -0.0552857 0.052434 0.0536195 0.10772
-0.0550632 -2.94516 -0.181181 -2.83054 -0.00420424 -0.0587918 0.0489518 0.0531561 0.107744
-0.0792351 -3.05877 -0.0985508 -2.88321 -0.00249435 -0.0483503 0.0519309 0.0544252 0.100281
-0.0830097 -3.03229 -0.0792542 -2.93431 -0.000906885 -0.0470227 0.0535183 0.0544252 0.100541
-0.0836906 -3.1606 -0.114779 -2.98596 -0.000421204 -0.0485358 0.053963 0.0543842 0.102499
-0.0885239 -3.13562 -0.148043 -3.03802 0.00476874 -0.042822 0.059478 0.0547092 0.1023
-0.0930595 -3.23407 0.152308 -3.07483 0.000346586 -0.0442812 0.0556573 0.0553108 0.0999385
-0.0536556 -3.21955 0.124802 -3.11489 0.00536461 -0.0410563 0.0582591 0.0528945 0.0993154
-0.0185432 -3.27142 -0.137136 -3.14597 0.00638507 -0.0355115 0.0575563 0.0511712 0.0930678
-0.0341568 -3.28014 0.120131 -3.18775 0.00859445 -0.0319093 0.0608945 0.0523 0.0928037
0.000896454 -3.36268 -0.121046 -3.20912 0.0153364 -0.0177211 0.0661828 0.0508465 0.083904
0.0202541 -3.30773 -0.0737381 -3.21811 0.0155907 -0.0170687 0.0664372 0.0508465 0.0835059
0.0204659 -3.37007 -0.0351543 -3.23524 0.0132153 -0.0144582 0.065046 0.0518307 0.0795042
0.0330372 -3.33154 -0.0962658 -3.24893 0.0112905 -0.0162986 0.0631212 0.0518307 0.0794197
0.0148945 -3.41749 -0.10788 -3.26273 0.0113473 -0.0115893 0.0646378 0.0532905 0.076227
0.007061 -3.36187 0.170383 -3.26453 0.00722559 -0.0140429 0.0618376 0.054612 0.0758805
0.0115166 -3.37778 -0.015255 -3.27184 0.00516776 -0.010449 0.0597798 0.054612 0.0702288
0.0135422 -3.35783 0.123787 -3.28764 0.00754793 -0.00775393 0.0624671 0.0549191 0.070221
0.0443344 -3.49605 0.12672 -3.29167 0.0131482 -0.00861777 0.0668694 0.0537212 0.0754871
0.073391 -3.38073 -0.00617599 -3.30552 0.0106944 -0.0114734 0.0635579 0.0528635 0.0750313
0.0692139 -3.42288 0.0851059 -3.31391 0.00339121 -0.0150092 0.0570559 0.0536647 0.072065
0.0696716 -3.40898 0.213772 -3.33504 0.00235156 -0.0160534 0.0560162 0.0536647 0.0720696
0.095192 -3.5224 -0.0419044 -3.35618 0.0123667 -0.0110419 0.0644578 0.0520911 0.0754997
0.0819817 -3.45162 0.0258942 -3.37383 0.0154883 -0.00657062 0.0690129 0.0535245 0.0755835
0.0977821 -3.49406 -0.107697 -3.37961 0.0137981 -0.0055853 0.0673226 0.0535245 0.0729079
0.109219 -3.46456 0.104702 -3.39098 0.0137599 -0.00555126 0.0672844 0.0535245 0.0728357
0.124969 -3.54741 -0.174999 -3.39011 0.0119654 -0.00773698 0.0655456 0.0535802 0.0732826
0.0774574 -3.48591 0.100361 -3.39737 0.0102252 -0.00619137 0.0672365 0.0570112 0.0734278
0.0832977 -3.51574 0.0863266 -3.40764 0.0131858 -0.00187213 0.070197 0.0570112 0.0720692
0.0930481 -3.48779 -0.130108 -3.41478 0.0115246 -0.00314777 0.0684999 0.0569752 0.0716476
0.0635872 -3.57451 -0.0564499 -3.40599 0.00744488 -0.00189405 0.0668961 0.0594512 0.0687902
0.0520248 -3.48937 -0.0868721 -3.40902 0.0104134 0.00232591 0.0711276 0.0607141 0.0688017
0.0346413 -3.5205 0.101086 -3.41651 0.00726743 -0.00116275 0.0693849 0.0621175 0.0705477
0.0551682 -3.47509 0.0135994 -3.41007 0.00548876 -0.00316577 0.0676062 0.0621175 0.070772
0.0525818 -3.46651 -0.0591774 -3.42749 0.00496975 -0.00399349 0.0675405 0.0625707 0.071534
0.0362473 -3.56739 -0.0507851 -3.44024 0.000875048 -0.0151383 0.0646094 0.0637343 0.0797477
0.0185318 -3.54295 -0.0876617 -3.46024 -0.00395789 -0.0192794 0.0606513 0.0646091 0.0799306
0.0154686 -3.63372 -0.106316 -3.48356 -0.00288337 -0.0215485 0.0617258 0.0646091 0.0832743
-0.00823593 -3.58738 0.18314 -3.49644 -0.00238669 -0.0199427 0.06355 0.0659367 0.0834928
0.0234032 -3.63764 -0.0426712 -3.50964 -0.00260021 -0.0234616 0.0613395 0.0639397 0.0848011
0.0095787 -3.62394 -0.0509224 -3.53259 -0.00196662 -0.0223548 0.0626398 0.0646064 0.0849946
-0.000518799 -3.68837 0.0360413 -3.55113 -0.00654181 -0.0299973 0.0586597 0.0652015 0.088657
0.00564575 -3.6662 0.0711174 -3.57306 -0.00161751 -0.0253118 0.0632311 0.0648486 0.0885429
0.0163612 -3.70827 0.130775 -3.59244 -0.0017484 -0.0224616 0.0624768 0.0642252 0.0849383
0.025013 -3.70452 0.0306091 -3.61948 -0.000772722 -0.0223396 0.0623732 0.0631459 0.0847128
0.026535 -3.77896 -0.0540276 -3.63276 0.00136676 -0.0190209 0.0644602 0.0630935 0.0834811
0.0151138 -3.74125 -0.0130196 -3.65584 -3.35947e-005 -0.0193415 0.0638122 0.0638458 0.0831537
0.0143623 -3.78644 0.133835 -3.67081 -0.00143007 -0.0184499 0.0626779 0.064108 0.0811279
0.0301895 -3.76898 0.0910873 -3.69411 -0.00753685 -0.0260697 0.0554584 0.0629953 0.0815281
0.0298729 -3.86528 0.00774002 -3.72121 -0.0101 -0.0294326 0.052328 0.062428 0.0817606
0.0189362 -3.82982 -0.106331 -3.75057 -0.00590773 -0.0248822 0.0567266 0.0626343 0.0816088
-0.00835419 -3.90502 -0.0476265 -3.7829 -0.0117313 -0.0311173 0.052072 0.0638033 0.0831893
-0.0275917 -3.90232 0.00107193 -3.8243 -0.0106255 -0.0302431 0.0531778 0.0638033 0.0834209
-0.0342827 -3.99816 0.0565758 -3.85718 -0.0131252 -0.0353572 0.0503779 0.0635031 0.0857351
-0.0301018 -3.97248 -0.121067 -3.88062 -0.0147064 -0.0375963 0.0478677 0.0625742 0.085464
-0.0601845 -4.03079 0.125626 -3.91721 -0.0133826 -0.0354116 0.0501032 0.0634858 0.0855147
-0.046669 -4.03824 -0.0223503 -3.95192 -0.0183461 -0.0423189 0.0433079 0.061654 0.0856268
-0.0617294 -4.12195 -0.0272102 -3.99411 -0.0213645 -0.0489905 0.0402895 0.061654 0.08928
-0.0769768 -4.12887 -0.0458679 -4.04318 -0.0241451 -0.0527016 0.0371345 0.0612796 0.0898361
-0.104538 -4.23384 0.0118942 -4.10636 -0.0336584 -0.0693848 0.0276212 0.0612796 0.097006
-0.120049 -4.2688 -0.0535431 -4.17848 -0.0343788 -0.0716948 0.0255521 0.059931 0.0972469
-0.144642 -4.37667 0.155018 -4.25915 -0.036513 -0.0790656 0.0226876 0.0592007 0.101753
-0.184803 -4.43212 0.192112 -4.34392 -0.0382475 -0.0807493 0.0209532 0.0592007 0.101702
-0.149513 -4.53988 0.0655365 -4.42533 -0.0381382 -0.0870909 0.0166828 0.054821 0.103774
-0.155045 -4.60985 0.116337 -4.51631 -0.0314282 -0.0821308 0.0210355 0.0524637 0.103166
-0.145466 -4.70165 0.171268 -4.60256 -0.0301029 -0.0777109 0.0195201 0.049623 0.097231
-0.127155 -4.76864 -0.225285 -4.68276 -0.0222377 -0.0730874 0.0241873 0.0464249 0.0972747
-0.144211 -4.86831 0.00705338 -4.74849 -0.0202437 -0.072861 0.0261812 0.0464249 0.0990423
-0.144203 -4.91709 0.167297 -4.83398 -0.0159722 -0.0713208 0.0288015 0.0447736 0.100122
-0.160271 -5.02423 -0.0292397 -4.91306 -0.0177248 -0.0804972 0.0270488 0.0447736 0.107546
-0.149479 -5.50226 0.0729294 -4.98523 -0.0138885 -0.0750279 0.0293734 0.0432619 0.104401
-0.123642 -5.21141 -0.0652275 -5.06229 -0.0110461 -0.0754091 0.0297965 0.0408426 0.105206
-0.12402 -5.36808 0.15485 -5.13424 -0.00581147 -0.0713716 0.0344242 0.0402357 0.105796
-0.12635 -5.35938 0.0661736 -5.20162 -0.00697681 -0.0751605 0.0332589 0.0402357 0.108419
-0.0939026 -5.47964 0.00100708 -5.27979 -0.00429913 -0.0765385 0.0337942 0.0380934 0.110333
-0.0848846 -5.5327 -0.198666 -5.36541 -0.00490621 -0.0774959 0.0321832 0.0370894 0.109679
-0.103226 -5.65011 0.206558 -5.43926 -0.00273277 -0.0788037 0.0355141 0.0382468 0.114318
-0.0557022 -5.66808 0.0352554 -5.51409 -0.000117123 -0.0790079 0.0350707 0.0351878 0.114079
-0.0336952 -5.78018 0.0259972 -5.58873 -0.00154329 -0.0831233 0.032766 0.0343093 0.115889
-0.0324669 -5.8379 0.00701141 -5.66766 -0.00582948 -0.0886002 0.0284798 0.0343093 0.11708
-0.0340004 -5.92954 -0.28923 -5.76253 -0.00384283 -0.0922244 0.0300473 0.0338901 0.122272
-0.0870171 -6.05592 0.0164566 -5.85671 -0.00781388 -0.0968852 0.0286911 0.036505 0.125576
-0.0777779 -6.0963 0.0251579 -5.9523 -0.0115418 -0.0996218 0.0239319 0.0354737 0.123554
-0.0876122 -6.22217 0.0191345 -6.05122 -0.00484892 -0.0921519 0.0306248 0.0354737 0.122777
-0.0742264 -6.31109 0.112022 -6.14379 -0.0024983 -0.0945625 0.0318145 0.0343128 0.126377
-0.0413399 -6.3794 0.0510712 -6.23298 0.00259559 -0.0902706 0.0349628 0.0323672 0.125233
-0.0422707 -6.49033 0.0651207 -6.33499 0.00270151 -0.092796 0.0350687 0.0323672 0.127865
-0.0373764 -6.59621 -0.0339928 -6.43091 0.00519684 -0.0946335 0.037564 0.0323672 0.132198
-0.0336342 -6.68473 0.109306 -6.53076 0.00824039 -0.0943976 0.0406076 0.0323672 0.135005
-0.0263367 -6.77331 0.0331306 -6.62537 0.00489466 -0.0978992 0.0372618 0.0323672 0.135161
-0.00891876 -6.86671 -0.0201111 -6.72511 0.00482298 -0.0961531 0.0363249 0.0315019 0.132478
-0.00553894 -6.97741 -0.0459557 -6.82794 0.00351949 -0.101414 0.0351656 0.0316461 0.13658
-0.00693893 -7.07198 -0.0893555 -6.92643 0.00329043 -0.0994206 0.0354105 0.03212 0.134831
-0.0150719 -7.17099 0.0867424 -7.02072 0.0018448 -0.10089 0.0348645 0.0330197 0.135754
0.00142288 -7.26372 -0.124264 -7.12228 0.00039186 -0.10173 0.0323589 0.031967 0.134089
-0.0190315 -7.36964 -0.149689 -7.21868 0.000249345 -0.101689 0.0334645 0.0332151 0.135153
-0.0204926 -7.45438 -0.142147 -7.31733 -0.00401172 -0.101555 0.0292034 0.0332151 0.130758
-0.0449829 -7.55605 0.0862694 -7.4185 -0.00524004 -0.100454 0.0292818 0.0345218 0.129736
-0.0260048 -7.65287 0.21265 -7.51829 -0.00362658 -0.0998902 0.0295469 0.0331735 0.129437
0.00757217 -7.7476 0.067646 -7.61293 -0.00413001 -0.098245 0.0266723 0.0308023 0.124917
0.0107765 -7.83811 -0.00590897 -7.71603 -0.00590362 -0.0982349 0.0243162 0.0302198 0.122551
0.00133133 -7.96022 0.0239563 -7.82503 -0.00163735 -0.0983461 0.0285825 0.0302198 0.126929
-0.00697708 -8.07157 -0.121403 -7.92952 -4.09763e-005 -0.100633 0.0301788 0.0302198 0.130812
-0.0220947 -8.15937 0.0694809 -8.02528 -0.00182956 -0.102354 0.0297373 0.0315669 0.132091
-0.00740051 -8.26058 -0.17561 -8.13172 -0.00100308 -0.101675 0.0295497 0.0305528 0.131224
-0.035553 -8.36069 0.129833 -8.23087 -0.00267763 -0.0983228 0.0296511 0.0323288 0.127974
-0.0379143 -8.46392 0.0720062 -8.33136 0.000471488 -0.0966524 0.0328003 0.0323288 0.129453
-0.0203819 -8.57231 -0.0663681 -8.43738 -0.000667496 -0.103591 0.03042 0.0310875 0.134011
-0.0306129 -8.68271 -0.0483475 -8.54428 -0.000798132 -0.105726 0.0307822 0.0315803 0.136508
-0.0324631 -8.7962 0.0777664 -8.65456 -0.00181261 -0.110584 0.0297677 0.0315803 0.140351
-0.010376 -8.90289 0.153717 -8.76127 0.00233066 -0.107837 0.0326537 0.0303231 0.140491
0.0238762 -9.01648 -0.145184 -8.87189 0.0026276 -0.11403 0.0311795 0.0285519 0.14521
0.000247955 -9.13833 -0.112267 -8.99422 0.000144795 -0.119596 0.0304451 0.0303003 0.150042
-0.0209999 -9.268 -0.0830612 -9.11586 0.00224959 -0.116957 0.0336763 0.0314267 0.150634
-0.0291862 -9.38711 0.199375 -9.23803 0.00527565 -0.115053 0.0373086 0.032033 0.152361
-0.0247498 -9.50369 -0.0464706 -9.35443 0.0048124 -0.11426 0.0368454 0.032033 0.151105
-0.0226097 -9.62898 0.292072 -9.47871 0.00735073 -0.116478 0.0396164 0.0322657 0.156095
0.0378418 -9.76003 -0.0829964 -9.60277 0.0107227 -0.121009 0.0397406 0.0290179 0.16075
0.0292206 -9.88476 0.0858421 -9.72586 0.013988 -0.116854 0.0442175 0.0302295 0.161071
0.0497856 -10.0067 0.0632286 -9.84885 0.0129251 -0.11883 0.0425993 0.0296741 0.161429
0.0665169 -10.1114 0.00838089 -9.95988 0.0158578 -0.108225 0.0454022 0.0295444 0.153627
0.0741806 -10.2251 0.0115547 -10.0673 0.015327 -0.110189 0.0454257 0.0300986 0.155614
0.0750008 -10.3446 -0.0607185 -10.1875 0.0155997 -0.112568 0.0462903 0.0306906 0.158858
0.071003 -10.4632 -0.00638199 -10.2983 0.0175112 -0.111876 0.0494773 0.0319661 0.161354
0.0760002 -10.564 -0.0125389 -10.4102 0.0181172 -0.106352 0.050808 0.0326908 0.15716
0.0795441 -10.6799 -0.0811958 -10.5202 0.0180871 -0.108013 0.0516052 0.0335181 0.159618
0.0691719 -10.7958 0.000473022 -10.6385 0.0225773 -0.103547 0.057596 0.0350188 0.161143
0.0748558 -10.9145 -0.0562096 -10.7468 0.0208288 -0.107165 0.0564888 0.03566 0.163654
0.0970116 -11.0174 -0.02285 -10.8532 0.0231729 -0.105653 0.058833 0.03566 0.164486
0.100784 -11.122 0.0291824 -10.955 0.0205374 -0.106307 0.057452 0.0369145 0.163759
0.111443 -11.2246 0.139088 -11.0632 0.0218382 -0.10499 0.059484 0.0376458 0.164474
0.140194 -11.3364 -0.148029 -11.1698 0.0237657 -0.106642 0.0611348 0.0373691 0.167776
0.165245 -11.4492 -0.12801 -11.278 0.0186034 -0.114958 0.0559725 0.0373691 0.17093
0.135197 -11.5612 -0.0813522 -11.3978 0.017312 -0.112629 0.0578964 0.0405844 0.170525
0.115005 -11.686 -0.00347519 -11.5171 0.01606 -0.113349 0.0589298 0.0428698 0.172279
0.110096 -11.8065 0.0607986 -11.6307 0.0130114 -0.116178 0.0570935 0.0440822 0.173271
0.125713 -11.9171 0.282986 -11.7448 0.0166756 -0.112302 0.0607578 0.0440822 0.17306
0.146458 -12.0282 0.0508156 -11.8515 0.0180414 -0.111936 0.0621235 0.0440822 0.17406
0.142681 -12.1512 0.0942345 -11.9725 0.0199434 -0.114409 0.0651927 0.0452493 0.179602
0.149616 -12.2754 0.0374947 -12.0971 0.0195164 -0.116892 0.0653177 0.0458013 0.18221
0.168926 -12.4063 -0.179691 -12.2232 0.0178751 -0.123708 0.0636764 0.0458013 0.187385
0.123047 -12.5358 0.157467 -12.3495 0.0150133 -0.1258 0.0649578 0.0499445 0.190758
0.143513 -1.#IND -0.0131187 -12.4808 0.0135249 -1.#IND 0.0630867 0.0495619 -1.#IND
0.129799 -1.#IND 0.0142746 -12.6108 0.0109812 -1.#IND 0.0621956 0.0512145 -1.#IND
0.122787 -1.#IND -0.079834 -12.7513 0.0098747 -1.#IND 0.0622599 0.0523852 -1.#IND
0.10149 -1.#IND 0.0957756 -12.8827 0.00751368 -1.#IND 0.0618904 0.0543767 -1.#IND
0.111656 -1.#IND -0.128891 -13.0209 0.00937131 -1.#IND 0.0638029 0.0544316 -1.#IND
0.0861664 -1.#IND -0.0523338 -13.1556 0.0143009 -1.#IND 0.0710064 0.0567056 -1.#IND
0.0778885 -1.#IND -0.054821 -13.2811 0.0169074 -1.#IND 0.0749076 0.0580003 -1.#IND
0.0810013 -1.#IND 0.266842 -13.3978 0.0187839 -1.#IND 0.0780158 0.0592318 -1.#IND
0.128067 -1.#IND -0.0240593 -13.5153 0.023267 -1.#IND 0.0807815 0.0575144 -1.#IND
0.130291 -1.#IND 0.0230255 -13.6272 0.0267332 -1.#IND 0.0856508 0.0589175 -1.#IND
0.147827 -1.#IND 0.107132 -13.727 0.0275976 -1.#IND 0.0875042 0.0599066 -1.#IND
0.166237 -1.#IND 0.11718 -13.8285 0.0248715 -1.#IND 0.0851536 0.0602821 -1.#IND
0.184235 -1.#IND -0.0473671 -13.9298 0.0223165 -1.#IND 0.083052 0.0607355 -1.#IND
0.169064 -1.#IND -0.271355 -14.0386 0.0171755 -1.#IND 0.0800557 0.0628802 -1.#IND
0.123665 -1.#IND -0.00986099 -14.1473 0.0161093 -1.#IND 0.0830766 0.0669672 -1.#IND
0.123829 -1.#IND 0.0328064 -14.2562 0.0201577 -1.#IND 0.0883667 0.068209 -1.#IND
0.132236 -1.#IND -0.0340462 -14.3598 0.0181685 -1.#IND 0.0872256 0.0690571 -1.#IND
0.12878 -1.#IND 0.100533 -14.4721 0.021366 -1.#IND 0.0919753 0.0706093 -1.#IND
0.151188 -1.#IND -0.0268021 -14.5729 0.0204249 -1.#IND 0.0910342 0.0706093 -1.#IND
0.140903 -1.#IND 0.0497131 -14.6737 0.0103687 -1.#IND 0.0828425 0.0724738 -1.#IND
0.137234 -1.#IND -0.0854912 -14.7829 0.0106981 -1.#IND 0.0841046 0.0734064 -1.#IND
0.115295 -1.#IND -0.330196 -14.8886 0.0045976 -1.#IND 0.0802367 0.0756391 -1.#IND
0.0554276 -1.#IND -0.271523 -14.9865 -0.00490007 -1.#IND 0.0751311 0.0800312 -1.#IND
0.00200272 -1.#IND 0.0113945 -15.098 -0.0114493 -1.#IND 0.0717617 0.083211 -1.#IND
-0.00630569 -1.#IND -0.0783806 -15.2109 -0.0122382 -1.#IND 0.0708825 0.0831207 -1.#IND
-0.0169525 -1.#IND 0.0471497 -15.3288 -0.011859 -1.#IND 0.0712617 0.0831207 -1.#IND
-0.0322342 -1.#IND -0.0417328 -15.4506 -0.0149451 -1.#IND 0.0681756 0.0831207 -1.#IND
-0.0455017 -1.#IND 0.0320892 -15.5721 -0.0128022 -1.#IND 0.0703185 0.0831207 -1.#IND
-0.0393486 -1.#IND 0.126774 -15.6924 -0.0116189 -1.#IND 0.0705023 0.0821212 -1.#IND
-0.0150757 -1.#IND -0.144379 -15.8064 -0.00923347 -1.#IND 0.0709138 0.0801472 -1.#IND
-0.0250435 -1.#IND 0.00202942 -15.9197 -0.0110857 -1.#IND 0.0690616 0.0801472 -1.#IND
-0.03339 -1.#IND -0.028923 -16.0302 -0.00970211 -1.#IND 0.0701141 0.0798162 -1.#IND
-0.04216 -1.#IND 0.00657272 -16.1393 -0.00800772 -1.#IND 0.0717578 0.0797655 -1.#IND
-0.0410805 -1.#IND -0.113407 -16.239 -0.00281712 -1.#IND 0.0764268 0.0792439 -1.#IND
-0.0594978 -1.#IND 0.130138 -16.3432 -0.00115102 -1.#IND 0.0788327 0.0799837 -1.#IND
-0.0574951 -1.#IND 0.0696297 -16.4393 -0.000332668 -1.#IND 0.0796511 0.0799837 -1.#IND
-0.0559616 -1.#IND -0.00551987 -16.5324 -0.00522774 -1.#IND 0.074756 0.0799837 -1.#IND
-0.0511017 -1.#IND 0.115841 -16.637 -0.00396813 -1.#IND 0.0754072 0.0793754 -1.#IND
-0.0263824 -1.#IND -0.208107 -16.7421 -0.00182217 -1.#IND 0.0756815 0.0775037 -1.#IND
-0.0593376 -1.#IND -0.154827 -16.844 -0.00316948 -1.#IND 0.0762598 0.0794293 -1.#IND
-0.0759964 -1.#IND -0.123501 -16.9488 -0.00190043 -1.#IND 0.078498 0.0803985 -1.#IND
-0.0843391 -1.#IND -0.097187 -17.0547 -0.00023403 -1.#IND 0.0806313 0.0808653 -1.#IND
-0.0843849 -1.#IND 0.0205574 -17.1578 0.0016574 -1.#IND 0.0826461 0.0809887 -1.#IND
-0.0648232 -1.#IND 0.0811119 -17.2437 0.00191397 -1.#IND 0.0819118 0.0799978 -1.#IND
-0.0403175 -1.#IND -0.0854073 -17.3462 0.00389362 -1.#IND 0.0825288 0.0786352 -1.#IND
-0.0460854 -1.#IND -0.0163193 -17.4534 0.00422096 -1.#IND 0.0832742 0.0790533 -1.#IND
-0.0410347 -1.#IND -0.00823593 -17.5528 0.0026722 -1.#IND 0.0817255 0.0790533 -1.#IND
-0.0344429 -1.#IND -0.132648 -17.6507 0.00417508 -1.#IND 0.0828886 0.0787135 -1.#IND
-0.0321655 -1.#IND -0.0989685 -17.7466 0.000398546 -1.#IND 0.079112 0.0787135 -1.#IND
-0.0287628 -1.#IND 0.0624695 -17.839 -0.00169075 -1.#IND 0.0770227 0.0787135 -1.#IND
-0.0343933 -1.#IND -0.132469 -17.9408 -0.000100754 -1.#IND 0.0786127 0.0787135 -1.#IND
-0.0376816 -1.#IND -0.162418 -18.0365 -0.00273027 -1.#IND 0.0759832 0.0787135 -1.#IND
-0.0700378 -1.#IND -0.169533 -18.1402 -0.00128899 -1.#IND 0.0792414 0.0805304 -1.#IND
-0.0666618 -1.#IND -0.023716 -18.2313 -0.000955828 -1.#IND 0.0795746 0.0805304 -1.#IND
-0.0540619 -1.#IND 0.0632362 -18.3334 0.000202112 -1.#IND 0.0801313 0.0799292 -1.#IND
-0.052578 -1.#IND 0.0315895 -18.4326 0.00215763 -1.#IND 0.0820868 0.0799292 -1.#IND
-0.0546303 -1.#IND 0.00587082 -18.543 0.00317757 -1.#IND 0.0831068 0.0799292 -1.#IND
-0.0349617 -1.#IND 0.222679 -18.6493 0.00131547 -1.#IND 0.0803633 0.0790479 -1.#IND
-0.0294914 -1.#IND 0.138557 -18.7634 -0.000746973 -1.#IND 0.0783009 0.0790479 -1.#IND
0.0125771 -1.#IND -0.108513 -18.8784 0.00648864 -1.#IND 0.0832227 0.0767341 -1.#IND
0.0189972 -1.#IND 0.0587502 -18.9951 0.00688802 -1.#IND 0.0836221 0.0767341 -1.#IND
0.02808 -1.#IND 0.0572624 -19.1007 0.00749065 -1.#IND 0.0842247 0.0767341 -1.#IND
0.0430603 -1.#IND 0.0508575 -19.2112 0.00733985 -1.#IND 0.0836584 0.0763186 -1.#IND
0.0499954 -1.#IND -0.0838661 -19.3223 0.00426148 -1.#IND 0.0804832 0.0762217 -1.#IND
0.0255814 -1.#IND -0.211285 -19.4274 0.00315674 -1.#IND 0.0808823 0.0777256 -1.#IND
-0.0183907 -1.#IND -0.0346947 -19.5377 0.00168212 -1.#IND 0.0818817 0.0801996 -1.#IND
-0.0152206 -1.#IND -0.197926 -19.649 -0.00150912 -1.#IND 0.0788521 0.0803612 -1.#IND
-0.0461922 -1.#IND 0.0106583 -19.7739 -0.00628409 -1.#IND 0.0758248 0.0821089 -1.#IND
-0.0428848 -1.#IND 0.229912 -19.904 -0.00120803 -1.#IND 0.0803698 0.0815778 -1.#IND
-0.00417328 -1.#IND -0.131401 -20.0293 0.00320643 -1.#IND 0.0822724 0.079066 -1.#IND
-0.0201645 -1.#IND 0.24976 -20.1513 0.00335964 -1.#IND 0.0835883 0.0802286 -1.#IND
0.0224953 -1.#IND -0.0243073 -20.2702 0.00524491 -1.#IND 0.0830133 0.0777684 -1.#IND
0.0210075 -1.#IND -0.136833 -20.3792 0.00431849 -1.#IND 0.0825138 0.0781954 -1.#IND
0.00228882 -1.#IND -0.0437813 -20.4938 0.002887 -1.#IND 0.0825265 0.0796395 -1.#IND
0.00418472 -1.#IND 0.0325317 -20.6022 0.00340835 -1.#IND 0.0834712 0.0800628 -1.#IND
0.0135574 -1.#IND 0.107754 -20.7098 0.00814212 -1.#IND 0.0879432 0.0798011 -1.#IND
0.0295944 -1.#IND -0.100056 -20.8043 0.00763962 -1.#IND 0.0874407 0.0798011 -1.#IND
0.0169334 -1.#IND 0.00460815 -20.9035 0.00637978 -1.#IND 0.0875347 0.0811549 -1.#IND
0.0228539 -1.#IND -0.135201 -21.0035 0.00862957 -1.#IND 0.0899105 0.081281 -1.#IND
0.00331116 -1.#IND 0.129372 -21.1145 0.00946994 -1.#IND 0.0923389 0.0828689 -1.#IND
0.0329247 -1.#IND -0.0230713 -21.2225 0.0127627 -1.#IND 0.0943829 0.0816202 -1.#IND
0.0471573 -1.#IND -0.104549 -21.3341 0.00956474 -1.#IND 0.091185 0.0816202 -1.#IND
0.0306473 -1.#IND 0.0322266 -21.4505 0.00694301 -1.#IND 0.090222 0.083279 -1.#IND
0.0335579 -1.#IND 0.0696983 -21.5689 0.0143708 -1.#IND 0.0976497 0.083279 -1.#IND
0.0492249 -1.#IND 0.0285301 -21.6814 0.0181623 -1.#IND 0.101019 0.0828562 -1.#IND
0.066021 -1.#IND 0.110989 -21.7924 0.0187109 -1.#IND 0.101567 0.0828562 -1.#IND
0.0910568 -1.#IND 0.0761719 -21.9103 0.0226861 -1.#IND 0.104993 0.0823072 -1.#IND
0.11824 -1.#IND 0.242786 -22.0046 0.0193136 -1.#IND 0.101791 0.082477 -1.#IND
0.158489 -1.#IND 0.0503998 -22.1056 0.0204134 -1.#IND 0.101544 0.0811302 -1.#IND
0.182446 -1.#IND 0.0544472 -22.2053 0.0174592 -1.#IND 0.0985894 0.0811302 -1.#IND
0.181194 -1.#IND -0.0623322 -22.3034 0.014385 -1.#IND 0.0969825 0.0825975 -1.#IND
0.198147 -1.#IND -0.0843506 -22.4094 0.0151631 -1.#IND 0.0977606 0.0825975 -1.#IND
0.16251 -1.#IND -0.0264435 -22.5069 0.0119945 -1.#IND 0.0979607 0.0859662 -1.#IND
0.179146 -1.#IND 0.148411 -22.6131 0.013348 -1.#IND 0.0993143 0.0859662 -1.#IND
0.191196 -1.#IND -0.225407 -22.7182 0.0147908 -1.#IND 0.100757 0.0859662 -1.#IND
0.108009 -1.#IND -0.163986 -22.8197 0.00894745 -1.#IND 0.100459 0.0915115 -1.#IND
0.112259 -1.#IND 0.199413 -22.9174 0.0113375 -1.#IND 0.102849 0.0915115 -1.#IND
0.12001 -1.#IND -0.0819702 -23.0124 0.0107349 -1.#IND 0.102246 0.0915115 -1.#IND
0.0761528 -1.#IND 0.00546646 -23.112 0.00827444 -1.#IND 0.102647 0.0943725 -1.#IND
0.0657654 -1.#IND 0.089283 -23.2085 0.0017458 -1.#IND 0.0970027 0.0952569 -1.#IND
0.0723915 -1.#IND 0.0665588 -23.3039 0.00375845 -1.#IND 0.0987473 0.0949889 -1.#IND
0.0700226 -1.#IND -0.0770721 -23.409 0.00385985 -1.#IND 0.0989107 0.0950509 -1.#IND
0.0540047 -1.#IND -0.113903 -23.5015 0.00503051 -1.#IND 0.101566 0.096535 -1.#IND
0.0306892 -1.#IND -0.13673 -23.5985 0.0063456 -1.#IND 0.104513 0.0981672 -1.#IND
0.00509644 -1.#IND 0.130222 -23.6923 0.0106737 -1.#IND 0.110427 0.0997531 -1.#IND
0.0338058 -1.#IND 0.00159073 -23.7854 0.0210084 -1.#IND 0.119596 0.098588 -1.#IND
0.0505219 -1.#IND -0.0748711 -23.8646 0.0189781 -1.#IND 0.117863 0.0988848 -1.#IND
0.0528183 -1.#IND -0.0900841 -23.9409 0.0204034 -1.#IND 0.120437 0.100034 -1.#IND
0.0510597 -1.#IND -0.0500641 -24.0199 0.019396 -1.#IND 0.120737 0.101341 -1.#IND
0.0553551 -1.#IND 0.002491 -24.0882 0.0169049 -1.#IND 0.119171 0.102267 -1.#IND
0.0638123 -1.#IND 0.0459785 -24.1644 0.0195946 -1.#IND 0.122346 0.102752 -1.#IND
0.0824585 -1.#IND 0.238647 -24.2377 0.0203059 -1.#IND 0.123222 0.102916 -1.#IND
0.107761 -1.#IND -0.0568008 -24.3021 0.0285798 -1.#IND 0.131495 0.102916 -1.#IND
0.135845 -1.#IND 0.110039 -24.3675 0.0309977 -1.#IND 0.133913 0.102916 -1.#IND
0.164387 -1.#IND -0.126053 -24.4276 0.0308018 -1.#IND 0.134015 0.103214 -1.#IND
0.146038 -1.#IND -0.030529 -24.4852 0.0220872 -1.#IND 0.128498 0.10641 -1.#IND
0.136753 -1.#IND 0.073391 -24.5591 0.0236662 -1.#IND 0.131947 0.108281 -1.#IND
0.152824 -1.#IND 0.000320435 -24.6334 0.0257292 -1.#IND 0.134661 0.108932 -1.#IND
0.155296 -1.#IND 0.0635872 -24.7007 0.0232771 -1.#IND 0.133737 0.11046 -1.#IND
0.180901 -1.#IND -0.108788 -24.7652 0.0274801 -1.#IND 0.13794 0.11046 -1.#IND
0.204308 -1.#IND 0.0510788 -24.8333 0.0325749 -1.#IND 0.143035 0.11046 -1.#IND
0.207588 -1.#IND -0.211517 -24.8902 0.0303685 -1.#IND 0.142678 0.11231 -1.#IND
0.240894 -1.#IND 0.125549 -24.9363 0.0326935 -1.#IND 0.145003 0.11231 -1.#IND
0.275326 -1.#IND 0.084034 -24.9718 0.0352267 -1.#IND 0.147536 0.11231 -1.#IND
0.268036 -1.#IND 0.0601883 -25.011 0.0291395 -1.#IND 0.144037 0.114898 -1.#IND
0.293678 -1.#IND 0.0119133 -25.0606 0.0316957 -1.#IND 0.146593 0.114898 -1.#IND
0.263775 -1.#IND -0.0617065 -25.085 0.0311758 -1.#IND 0.149828 0.118652 -1.#IND
0.226212 -1.#IND -0.0351448 -25.1108 0.026296 -1.#IND 0.148867 0.122571 -1.#IND
0.200882 -1.#IND -0.0423698 -25.1416 0.0246454 -1.#IND 0.150127 0.125481 -1.#IND
0.182228 -1.#IND -0.134521 -25.1706 0.0239608 -1.#IND 0.151996 0.128035 -1.#IND
0.1451 -1.#IND -0.106239 -25.1957 0.0226985 -1.#IND 0.153913 0.131215 -1.#IND
0.126904 -1.#IND -0.0632362 -25.225 0.0242161 -1.#IND 0.157874 0.133658 -1.#IND
0.119865 -1.#IND 0.118683 -25.2438 0.0238253 -1.#IND 0.159288 0.135463 -1.#IND
0.142597 -1.#IND 0.0796585 -25.2604 0.0263593 -1.#IND 0.161833 0.135474 -1.#IND
0.155113 -1.#IND 0.143894 -25.2751 0.0227003 -1.#IND 0.158757 0.136057 -1.#IND
0.179947 -1.#IND 0.010128 -25.2918 0.0218539 -1.#IND 0.158014 0.13616 -1.#IND
0.174896 -1.#IND -0.252216 -25.3109 0.0227357 -1.#IND 0.160454 0.137719 -1.#IND
0.133228 -1.#IND 0.00431442 -25.3379 0.0178082 -1.#IND 0.159447 0.141638 -1.#IND
0.134155 -1.#IND 0.0704231 -25.3647 0.00712684 -1.#IND 0.14995 0.142823 -1.#IND
0.133228 -1.#IND -0.029129 -25.4033 0.00870052 -1.#IND 0.152111 0.14341 -1.#IND
0.118176 -1.#IND 0.087307 -25.4438 0.0102989 -1.#IND 0.155209 0.14491 -1.#IND
0.124996 -1.#IND 0.0450859 -25.4887 0.0105517 -1.#IND 0.155748 0.145196 -1.#IND
0.12397 -1.#IND -0.0970955 -25.5206 0.0124031 -1.#IND 0.158342 0.145939 -1.#IND
0.109322 -1.#IND -0.00788498 -25.5474 0.0107918 -1.#IND 0.158792 0.148 -1.#IND
0.106895 -1.#IND -0.1264 -25.5816 0.0116327 -1.#IND 0.160729 0.149096 -1.#IND
0.120811 -1.#IND -0.0742989 -25.6173 0.0113004 -1.#IND 0.160396 0.149096 -1.#IND
0.105396 -1.#IND -0.0458336 -25.6419 0.00978884 -1.#IND 0.160934 0.151145 -1.#IND
0.0957413 -1.#IND 0.0967484 -25.6679 -0.00152779 -1.#IND 0.151168 0.152696 -1.#IND
0.0938148 -1.#IND -0.254185 -25.7146 -0.00248094 -1.#IND 0.150205 0.152686 -1.#IND
0.0422249 -1.#IND 0.0567741 -25.753 -0.00433557 -1.#IND 0.151792 0.156128 -1.#IND
0.0396042 -1.#IND -0.0140724 -25.791 0.000395417 -1.#IND 0.156381 0.155986 -1.#IND
0.0229301 -1.#IND 0.13726 -25.8281 0.00288749 -1.#IND 0.159391 0.156504 -1.#IND
0.0421371 -1.#IND 0.0329628 -25.8491 0.00749546 -1.#IND 0.162905 0.15541 -1.#IND
0.0498009 -1.#IND 0.12368 -25.8758 0.00758033 -1.#IND 0.163077 0.155497 -1.#IND
0.0720329 -1.#IND 0.0918388 -25.8994 0.0119837 -1.#IND 0.166783 0.154799 -1.#IND
0.089859 -1.#IND -0.0568619 -25.9188 0.0163876 -1.#IND 0.171187 0.154799 -1.#IND
0.102913 -1.#IND 0.0313683 -25.9485 0.016811 -1.#IND 0.17161 0.154799 -1.#IND
0.107132 -1.#IND 0.0256996 -25.972 0.0165796 -1.#IND 0.172212 0.155632 -1.#IND
0.106941 -1.#IND 0.125702 -25.988 0.0112608 -1.#IND 0.167793 0.156532 -1.#IND
0.123074 -1.#IND -0.154343 -26.0161 0.0113451 -1.#IND 0.167678 0.156333 -1.#IND
0.0871658 -1.#IND 0.0839806 -26.0422 0.0115283 -1.#IND 0.170699 0.15917 -1.#IND
0.0968819 -1.#IND 0.0622139 -26.0633 0.0104278 -1.#IND 0.16963 0.159202 -1.#IND
0.104683 -1.#IND -0.0577927 -26.0772 0.0071546 -1.#IND 0.166694 0.15954 -1.#IND
0.107719 -1.#IND -0.0947456 -26.1074 0.00382195 -1.#IND 0.163362 0.15954 -1.#IND
0.0754547 -1.#IND 0.00130081 -26.1397 0.00709695 -1.#IND 0.1688 0.161703 -1.#IND
0.0711517 -1.#IND 0.0219269 -26.1625 0.00790653 -1.#IND 0.170374 0.162467 -1.#IND
0.0690536 -1.#IND 0.131958 -26.1859 -0.00093171 -1.#IND 0.162028 0.16296 -1.#IND
0.0780907 -1.#IND 0.150543 -26.2127 -0.000263572 -1.#IND 0.162081 0.162344 -1.#IND
0.0843658 -1.#IND 0.0264015 -26.2479 -0.00288136 -1.#IND 0.158766 0.161647 -1.#IND
0.0766411 -1.#IND 0.0961456 -26.2815 0.00116713 -1.#IND 0.163365 0.162198 -1.#IND
0.0822868 -1.#IND 0.0731087 -26.3051 -0.00241086 -1.#IND 0.159603 0.162014 -1.#IND
0.0824699 -1.#IND 0.0967636 -26.3325 0.00264274 -1.#IND 0.164743 0.1621 -1.#IND
0.0892563 -1.#IND 0.0923843 -26.364 0.00395517 -1.#IND 0.165922 0.161967 -1.#IND
0.0933914 -1.#IND -0.013504 -26.3882 0.0102727 -1.#IND 0.17224 0.161967 -1.#IND
0.0866127 -1.#IND 0.0170059 -26.4056 0.00924827 -1.#IND 0.172327 0.163079 -1.#IND
0.0800896 -1.#IND 0.0223389 -26.4358 0.0060984 -1.#IND 0.169883 0.163785 -1.#IND
0.0752029 -1.#IND -0.0933762 -26.4728 0.00603461 -1.#IND 0.170392 0.164358 -1.#IND
0.0803909 -1.#IND 0.126972 -26.5018 0.00866684 -1.#IND 0.173025 0.164358 -1.#IND
0.0929642 -1.#IND 0.0149574 -26.5235 0.0110773 -1.#IND 0.175435 0.164358 -1.#IND
0.106171 -1.#IND -0.0746918 -26.541 0.00531694 -1.#IND 0.169675 0.164358 -1.#IND
0.0704842 -1.#IND 0.0159302 -26.572 0.00528963 -1.#IND 0.172018 0.166729 -1.#IND
0.0665665 -1.#IND 0.150696 -26.5871 0.00662568 -1.#IND 0.17401 0.167385 -1.#IND
0.0917511 -1.#IND 0.099968 -26.5986 0.00816688 -1.#IND 0.174607 0.166441 -1.#IND
0.0993004 -1.#IND -0.107285 -26.6181 0.00936721 -1.#IND 0.17572 0.166353 -1.#IND
0.0771523 -1.#IND -0.0680389 -26.615 0.00956725 -1.#IND 0.178026 0.168459 -1.#IND
0.0869713 -1.#IND -0.0372772 -26.6158 0.00258195 -1.#IND 0.171041 0.168459 -1.#IND
0.0884399 -1.#IND -0.0521049 -26.6277 0.00170855 -1.#IND 0.170168 0.168459 -1.#IND
0.0622978 -1.#IND 0.0438156 -26.6418 0.00366338 -1.#IND 0.173818 0.170155 -1.#IND
0.0621796 -1.#IND 0.038784 -26.6513 0.0014312 -1.#IND 0.171793 0.170362 -1.#IND
0.0598564 -1.#IND 0.085804 -26.6639 0.00446834 -1.#IND 0.175079 0.170611 -1.#IND
0.0677986 -1.#IND 0.171448 -26.6766 0.00680269 -1.#IND 0.177149 0.170347 -1.#IND
0.0924797 -1.#IND 0.110279 -26.6844 0.00734496 -1.#IND 0.17667 0.169325 -1.#IND
0.103905 -1.#IND -0.0725899 -26.6964 0.0060841 -1.#IND 0.175238 0.169153 -1.#IND
0.0787239 -1.#IND -0.0711288 -26.7043 0.00350969 -1.#IND 0.174334 0.170824 -1.#IND
0.0611725 -1.#IND 0.354229 -26.7134 0.00667807 -1.#IND 0.178905 0.172227 -1.#IND
0.0655823 -1.#IND -0.0491486 -26.7192 0.0107766 -1.#IND 0.183004 0.172227 -1.#IND
0.0547256 -1.#IND -0.0745735 -26.7164 0.00603573 -1.#IND 0.179457 0.173421 -1.#IND
0.0370064 -1.#IND 0.00383377 -26.7206 0.00808272 -1.#IND 0.182811 0.174728 -1.#IND
0.0413475 -1.#IND -0.0464172 -26.7219 0.00616436 -1.#IND 0.181221 0.175056 -1.#IND
0.0355568 -1.#IND 0.0694771 -26.7227 0.00443016 -1.#IND 0.180339 0.175909 -1.#IND
0.0446129 -1.#IND -0.0897179 -26.7284 0.00247595 -1.#IND 0.17806 0.175584 -1.#IND
0.0279884 -1.#IND -0.10273 -26.7256 0.00296909 -1.#IND 0.17983 0.176861 -1.#IND
0.0127258 -1.#IND 0.130196 -26.7255 0.00538647 -1.#IND 0.183481 0.178095 -1.#IND
0.0200844 -1.#IND -0.173252 -26.7238 0.0103547 -1.#IND 0.18845 0.178095 -1.#IND
0.00237274 -1.#IND -0.0181923 -26.7101 0.00292914 -1.#IND 0.183059 0.18013 -1.#IND
0.00275803 -1.#IND -0.0452003 -26.714 0.00574531 -1.#IND 0.185875 0.18013 -1.#IND
-0.0052948 -1.#IND -0.0050354 -26.7098 0.00856298 -1.#IND 0.189237 0.180674 -1.#IND
-0.000720978 -1.#IND 0.0105209 -26.7066 0.0113121 -1.#IND 0.191984 0.180672 -1.#IND
0.0165749 -1.#IND 6.10352e-005 -26.6951 0.015836 -1.#IND 0.19639 0.180554 -1.#IND
0.0291595 -1.#IND -0.041069 -26.6877 0.014052 -1.#IND 0.194773 0.180721 -1.#IND
0.02771 -1.#IND 0.0664749 -26.682 0.0158381 -1.#IND 0.197253 0.181415 -1.#IND
0.0554199 -1.#IND -0.0321541 -26.6584 0.0156908 -1.#IND 0.19673 0.181039 -1.#IND
0.0731468 -1.#IND 0.00037384 -26.6486 0.0140068 -1.#IND 0.195046 0.181039 -1.#IND
0.0727844 -1.#IND 0.0101166 -26.6463 0.0129917 -1.#IND 0.194808 0.181816 -1.#IND
0.086441 -1.#IND -0.0851059 -26.6366 0.0112167 -1.#IND 0.193033 0.181816 -1.#IND
0.0690155 -1.#IND 0.0698242 -26.6289 0.0114852 -1.#IND 0.195262 0.183776 -1.#IND
0.083107 -1.#IND -0.0550308 -26.6203 0.0118661 -1.#IND 0.195643 0.183776 -1.#IND
0.0666428 -1.#IND -0.0528793 -26.6171 0.01177 -1.#IND 0.197198 0.185428 -1.#IND
0.0577621 -1.#IND 0.0568619 -26.6058 0.00539443 -1.#IND 0.19216 0.186766 -1.#IND
0.0659027 -1.#IND 0.125214 -26.5912 0.00179161 -1.#IND 0.188567 0.186776 -1.#IND
0.0771408 -1.#IND -0.0280075 -26.5772 0.00349671 -1.#IND 0.189666 0.18617 -1.#IND
0.060257 -1.#IND 0.11483 -26.5699 0.00378992 -1.#IND 0.191001 0.187211 -1.#IND
0.063118 -1.#IND 0.0917664 -26.5646 0.00055027 -1.#IND 0.187233 0.186683 -1.#IND
0.0599365 -1.#IND -0.228294 -26.5587 -0.00150953 -1.#IND 0.184901 0.18641 -1.#IND
0.0174332 -1.#IND -0.103539 -26.5483 -0.00144826 -1.#IND 0.187672 0.189121 -1.#IND
0.0177765 -1.#IND 0.0372009 -26.5292 0.000731379 -1.#IND 0.189852 0.189121 -1.#IND
0.0186081 -1.#IND 0.0575104 -26.5003 -0.0056102 -1.#IND 0.183308 0.188918 -1.#IND
0.0175247 -1.#IND -0.0776749 -26.4824 -0.00140697 -1.#IND 0.187116 0.188523 -1.#IND
0.0185776 -1.#IND -0.0304413 -26.4577 -0.00288478 -1.#IND 0.185639 0.188523 -1.#IND
0.0124054 -1.#IND -0.026535 -26.4375 -0.000569344 -1.#IND 0.187954 0.188523 -1.#IND
0.00170135 -1.#IND 0.0765533 -26.4219 -0.0022573 -1.#IND 0.186739 0.188996 -1.#IND
0.000694275 -1.#IND 0.0727692 -26.4032 0.00339939 -1.#IND 0.192396 0.188996 -1.#IND
0.0253143 -1.#IND -0.0302887 -26.3703 0.00221013 -1.#IND 0.190308 0.188098 -1.#IND
0.014122 -1.#IND 0.0305939 -26.3564 -0.002654 -1.#IND 0.186085 0.188739 -1.#IND
0.0109024 -1.#IND -0.00146484 -26.3478 0.00339445 -1.#IND 0.191955 0.188561 -1.#IND
0.0173798 -1.#IND -0.07621 -26.3207 0.00148332 -1.#IND 0.190172 0.188689 -1.#IND
0.00585175 -1.#IND 0.00843048 -26.3054 0.00096637 -1.#IND 0.190591 0.189624 -1.#IND
0.00111389 -1.#IND -0.0874557 -26.3014 -0.000382066 -1.#IND 0.189217 0.189599 -1.#IND
-0.0125656 -1.#IND -0.0989456 -26.2825 0.00543252 -1.#IND 0.195877 0.190444 -1.#IND
-0.0223312 -1.#IND -0.103432 -26.2614 0.0034577 -1.#IND 0.194715 0.191258 -1.#IND
-0.0172501 -1.#IND -0.0769653 -26.2355 0.00519119 -1.#IND 0.196449 0.191258 -1.#IND
-0.0240173 -1.#IND -0.0124588 -26.2156 0.00487848 -1.#IND 0.19676 0.191881 -1.#IND
-0.0166016 -1.#IND -0.104286 -26.1853 0.00593197 -1.#IND 0.197813 0.191881 -1.#IND
-0.0273743 -1.#IND 0.0175934 -26.1595 0.00280365 -1.#IND 0.195672 0.192868 -1.#IND
-0.022377 -1.#IND 0.0803299 -26.1274 0.00144482 -1.#IND 0.194313 0.192868 -1.#IND
-0.0012207 -1.#IND 0.159286 -26.1093 0.00351359 -1.#IND 0.195166 0.191652 -1.#IND
0.0295029 -1.#IND 0.1362 -26.0862 0.00641811 -1.#IND 0.196285 0.189867 -1.#IND
0.0383301 -1.#IND -0.132034 -26.0615 -0.00100538 -1.#IND 0.188861 0.189867 -1.#IND
0.00401306 -1.#IND -0.0503464 -26.0489 -0.00435716 -1.#IND 0.187502 0.191859 -1.#IND
0.00268555 -1.#IND 0.0823212 -26.0435 0.000684217 -1.#IND 0.192544 0.191859 -1.#IND
0.0184555 -1.#IND -0.0405045 -26.0361 0.00117031 -1.#IND 0.192067 0.190896 -1.#IND
0.00574493 -1.#IND 0.0343323 -26.0313 0.00603293 -1.#IND 0.197593 0.19156 -1.#IND
0.0177841 -1.#IND -0.0685349 -26.0241 0.00621514 -1.#IND 0.197471 0.191256 -1.#IND
0.0128479 -1.#IND 0.00123596 -26.0128 0.00301671 -1.#IND 0.195152 0.192135 -1.#IND
0.018364 -1.#IND -0.0328445 -26.0028 0.00370535 -1.#IND 0.195955 0.19225 -1.#IND
0.0154877 -1.#IND -0.0972137 -26.0062 0.00412358 -1.#IND 0.196373 0.19225 -1.#IND
0.0213547 -1.#IND 0.0893021 -26.0042 0.0029632 -1.#IND 0.195213 0.19225 -1.#IND
0.0404358 -1.#IND 0.0912781 -25.9961 0.00109336 -1.#IND 0.192537 0.191444 -1.#IND
0.0488739 -1.#IND 0.0183563 -26.0049 0.00337046 -1.#IND 0.19425 0.19088 -1.#IND
0.0495453 -1.#IND -0.051712 -25.9931 0.00259469 -1.#IND 0.193796 0.191202 -1.#IND
0.0536423 -1.#IND 0.014328 -25.9854 0.00169745 -1.#IND 0.192899 0.191202 -1.#IND
0.0530624 -1.#IND -0.116127 -25.9862 0.00610253 -1.#IND 0.197747 0.191644 -1.#IND
0.0310135 -1.#IND -0.0431824 -25.9814 0.0073358 -1.#IND 0.200786 0.193451 -1.#IND
0.0370178 -1.#IND 0.0788498 -25.9815 0.00708561 -1.#IND 0.200536 0.193451 -1.#IND
0.0514603 -1.#IND -0.00674438 -25.9812 0.0143996 -1.#IND 0.207375 0.192976 -1.#IND
0.0675583 -1.#IND -0.159477 -25.9694 0.0126496 -1.#IND 0.205625 0.192976 -1.#IND
0.0791016 -1.#IND -0.117722 -25.9557 0.0145629 -1.#IND 0.207539 0.192976 -1.#IND
0.0956573 -1.#IND 0.0365677 -25.939 0.0136539 -1.#IND 0.20663 0.192976 -1.#IND
0.094696 -1.#IND -0.0647278 -25.9247 0.0161933 -1.#IND 0.209999 0.193805 -1.#IND
0.117096 -1.#IND -0.0701523 -25.8899 0.0179304 -1.#IND 0.211736 0.193805 -1.#IND
0.0940628 -1.#IND 0.0300369 -25.8589 0.0161337 -1.#IND 0.212484 0.196351 -1.#IND
0.11174 -1.#IND -0.16658 -25.8304 0.0210471 -1.#IND 0.217398 0.196351 -1.#IND
0.0635681 -1.#IND -0.0722351 -25.8027 0.0149843 -1.#IND 0.215016 0.200032 -1.#IND
